3
3 3
16 9
0 0 0 0 0.0460358056265984 0.131287297527707 0.216538789428815 0.301790281329923 0.387041773231032 0.47229326513214 0.557544757033248 0.642796248934356 0.728047740835465 0.813299232736573 0.898550724637681 0.98380221653879 1 1 1 1 
0 0 0 0 0.0784313725490195 0.294117647058823 0.509803921568627 0.725490196078431 0.941176470588235 1 1 1 1 
-0.751805201344969 -0.541865350253831 -0.121577997518804 1
-0.73171037654065 -0.537371341242166 -0.123323061694315 1
-0.675027428303653 -0.524714708277155 -0.1277281936071 1
-0.580092606320337 -0.503605122854343 -0.133233482690696 1
-0.468798726990453 -0.478908957715086 -0.137159643140093 1
-0.354848261662314 -0.45367955530314 -0.139037779564578 1
-0.244604661047564 -0.429385067446759 -0.139076131942145 1
-0.132099973754432 -0.404608706415413 -0.137616893741578 1
-0.0196474800556617 -0.379903193140504 -0.134789915407526 1
0.0905342838001364 -0.355725300521044 -0.13091924662295 1
0.209715973110323 -0.329641890251328 -0.125574915062127 1
0.314415484307549 -0.306725904991793 -0.120027384170722 1
0.42889708634004 -0.281718181398269 -0.113169248729607 1
0.508532153771069 -0.264353400517612 -0.10783696816029 1
0.552188162624153 -0.254830094713917 -0.104762864861752 1
0.559172144313373 -0.253306588854496 -0.104267158122169 1
-0.743250318136179 -0.555921011689919 -0.1195613294008 1
-0.723207545113089 -0.55145167216395 -0.121300699405931 1
-0.66663228062329 -0.538855146501201 -0.12569537566995 1
-0.571572944750086 -0.517773271599215 -0.131199972616336 1
-0.460648606402949 -0.49323034429765 -0.135098703773671 1
-0.347237718110223 -0.468194786724699 -0.136966202435607 1
-0.23679079021619 -0.443916588268963 -0.137000845265194 1
-0.124599583241003 -0.419277868437477 -0.135537320305976 1
-0.0123117797583422 -0.394673699299467 -0.132709279523058 1
0.0976431812266741 -0.370611226869574 -0.128841211995699 1
0.216831792928654 -0.344589528741657 -0.123490121743171 1
0.32110762204065 -0.321828438628735 -0.117958361960453 1
0.435362973156286 -0.296932680014158 -0.111110340732361 1
0.515089432666128 -0.27958871852862 -0.105767423049293 1
0.558603874886096 -0.270120293867744 -0.102701503449553 1
0.565562169880123 -0.268606252686666 -0.10220733065362 1
-0.711246296426667 -0.608401639010378 -0.112034308704809 1
-0.691378413886562 -0.604019834872132 -0.11375375929619 1
-0.635162230591272 -0.59163793685375 -0.118111525559715 1
-0.539783065580191 -0.570694007036759 -0.123602766587507 1
-0.430241139374528 -0.546721667851027 -0.127402353745267 1
-0.318652459820589 -0.522364638518117 -0.129231111142588 1
-0.207636171791679 -0.498193551601518 -0.129249984965011 1
-0.0965663330530233 -0.47405764016825 -0.127770355632611 1
0.0150448797568994 -0.449847234969365 -0.124940114813058 1
0.124347590977377 -0.426175020697078 -0.12107366304945 1
0.243298547490272 -0.400445250588768 -0.115708271126783 1
0.346133212281045 -0.378233537870109 -0.110228816003969 1
0.459517877210449 -0.353764867206908 -0.10341900368964 1
0.539561569293461 -0.336509292497363 -0.0980380150232484 1
0.582594388454734 -0.327236986749668 -0.0949989636787993 1
0.589464981768698 -0.325756702041994 -0.0945098748214399 1
-0.656557017100667 -0.697038149822271 -0.0993499241712918 1
-0.636784890306045 -0.692757255742297 -0.101049492257385 1
-0.580734200227388 -0.680637322710291 -0.105366760585269 1
-0.486303165191779 -0.660280096304527 -0.110724941512714 1
-0.379123033190853 -0.637255370098298 -0.11439063378047 1
-0.268637681956048 -0.613580188053958 -0.11616398960436 1
-0.158607056900075 -0.590064886781435 -0.116136550272455 1
-0.04892748291377 -0.56666418901362 -0.1146287101905 1
0.0609083057434607 -0.543276482967521 -0.111812879757308 1
0.171105545214516 -0.5198459190172 -0.107866095081876 1
0.286951935735028 -0.49524019824507 -0.102588714283099 1
0.38879665524544 -0.473659200034146 -0.0971300855231819 1
0.50044491146624 -0.450004554945282 -0.0903893682737461 1
0.580778134464143 -0.433007534576084 -0.0849609614481686 1
0.623479212439094 -0.423976239117055 -0.0819294568909543 1
0.630285871653912 -0.422536732911057 -0.081442353474794 1
-0.586706549702307 -0.810163314268049 -0.0831637663498103 1
-0.567051660093254 -0.806007758171371 -0.0848385594098774 1
-0.511205328322391 -0.794215568619639 -0.0891043580797713 1
-0.418021019515699 -0.774602055130834 -0.0942901197065584 1
-0.313992967511699 -0.752777491747412 -0.0977915345225037 1
-0.204313178194321 -0.7298299746742 -0.0994936544282103 1
-0.0974665745817482 -0.707517511802117 -0.0994197035447431 1
0.011993338328615 -0.684722994635615 -0.0978765119707808 1
0.119972165041951 -0.66227083712475 -0.0950451488902696 1
0.22844444840438 -0.63973873174295 -0.0911374178927823 1
0.349287695667773 -0.614706787176299 -0.0855304353679456 1
0.441330651516144 -0.595629746548156 -0.0805320328781063 1
0.553487168720472 -0.572435106628312 -0.0737354226675927 1
0.632433372582716 -0.556111787996421 -0.0683627670134837 1
0.674772306078828 -0.54736733846472 -0.0653365536104985 1
0.681525863451186 -0.545972714896669 -0.0648500381651864 1
-0.516670296479898 -0.92353400801061 -0.0669431635022141 1
-0.497133968879147 -0.91950292052621 -0.0685929607751191 1
-0.44151328349683 -0.908040607952902 -0.0728061380007661 1
-0.349829584038094 -0.889204189650663 -0.0778170773776486 1
-0.248283484729347 -0.86841664883446 -0.0811622418563431 1
-0.141295020077771 -0.846560876141613 -0.0828036134249852 1
-0.0309197210256589 -0.824092118074858 -0.0826418697249597 1
0.0724662213857984 -0.803059641036004 -0.0810772684912207 1
0.177547451607903 -0.781732340369833 -0.0783481725459619 1
0.292884029151672 -0.758357422656812 -0.0740345165111571 1
0.387054890332964 -0.7393189471331 -0.0696926194191532 1
0.500891199304759 -0.716291432960904 -0.06356075241313 1
0.603528180063166 -0.695571102110135 -0.057248311003701 1
0.687265401769877 -0.678690704816232 -0.0515259704908324 1
0.729059796720011 -0.670264078259192 -0.0485209056155851 1
0.735665484668993 -0.668932248304167 -0.0480419361692489 1
-0.463502421266041 -1.00970077998028 -0.0546149225753631 1
-0.444083617735283 -1.00576808100741 -0.056244602335338 1
-0.388668298752731 -0.994559819850389 -0.060415221318311 1
-0.297376658717961 -0.976159298637028 -0.0653135203665893 1
-0.199519177753095 -0.956488573471919 -0.0685347069227192 1
-0.089312765063837 -0.934401476130628 -0.07009793798597 1
0.0044869516015961 -0.915642578569484 -0.0700115282986459 1
0.121042125048398 -0.892375808894685 -0.0683321720621436 1
0.222058275725477 -0.872264145444747 -0.0655961522304804 1
0.336134812473987 -0.849562482258359 -0.0613359440130156 1
0.433181235388498 -0.830301085037447 -0.0567934910636934 1
0.540502419637497 -0.809005111398161 -0.0509822298136311 1
0.646583276972843 -0.787986748894006 -0.0444015325882883 1
0.719607211544114 -0.773528184598077 -0.0394150226758713 1
0.762112208175719 -0.765118502335328 -0.036344441813921 1
0.768944789294667 -0.763766803344568 -0.0358469508272808 1
-0.433595358411818 -1.05802855236894 -0.0477022968300466 1
-0.414218075518724 -1.05414606639983 -0.0493219707843502 1
-0.358892818026706 -1.0430748488358 -0.0534706933078116 1
-0.268538643962343 -1.02504967691284 -0.0582796501619803 1
-0.171615420331181 -1.00577699507088 -0.0614551607537507 1
-0.0617281115275281 -0.983983403242921 -0.0629806217245301 1
0.0301230519197261 -0.965812945271189 -0.0628913625775508 1
0.148269847655476 -0.942481168257947 -0.0611589334155445 1
0.246506777835243 -0.923115493183927 -0.0584764807553294 1
0.362492857942925 -0.900295423196535 -0.054119865159913 1
0.456900861156767 -0.881736016283363 -0.0496688282232801 1
0.563635230106265 -0.86078829240781 -0.0438776693851611 1
0.669203958871639 -0.840087549968903 -0.0373055963902902 1
0.741108218119504 -0.826006161154268 -0.0323861830618366 1
0.783543303869739 -0.817698513651371 -0.0293126554748844 1
0.790373150594823 -0.816361489199294 -0.0288140888812499 1
-0.427184599298422 -1.06838869130279 -0.0462203978937386 1
-0.407816543885053 -1.06451700640063 -0.0478379049242946 1
-0.352511346010779 -1.05347525858289 -0.0519818887312398 1
-0.262354215178898 -1.03552969110818 -0.0567721319002093 1
-0.165621413615711 -1.01633984645771 -0.059937424309148 1
-0.0558655996920059 -0.994621678416292 -0.0614554260972289 1
0.0358098366413148 -0.976528530007258 -0.0613635722992968 1
0.154036160980144 -0.953234894718272 -0.0596221989199076 1
0.251768817388259 -0.93401084940472 -0.0569501222856099 1
0.368128599465924 -0.911172075740078 -0.0525734819430475 1
0.461941596262803 -0.89276926338714 -0.0481440868455666 1
0.568615789016956 -0.871882436005301 -0.0423535514754658 1
0.674008504988052 -0.851262879590654 -0.0357878131141278 1
0.745817901724704 -0.837233191047436 -0.0308724817230261 1
0.788223650504526 -0.828950223066204 -0.0277993546380233 1
0.795048974791092 -0.827617121270509 -0.0273008393686167 1
0
1
