3
3 3
15 9
0 0 0 0 0.0852514919011083 0.170502983802217 0.255754475703325 0.341005967604433 0.426257459505541 0.51150895140665 0.596760443307758 0.682011935208866 0.767263427109974 0.852514919011083 0.937766410912191 1 1 1 1 
0 0 0 0 0.0784313725490195 0.294117647058823 0.509803921568627 0.725490196078431 0.941176470588235 1 1 1 1 
0.572903469937946 -0.259003734137928 0.171271229768177 1
0.526669753524807 -0.269536861414062 0.176962637814694 1
0.463352383164219 -0.283728299022168 0.184571800818227 1
0.34977211534215 -0.309196880108904 0.197479699817275 1
0.239874753246383 -0.333791644718896 0.209167918209889 1
0.124523658820663 -0.359592160701895 0.220499632081413 1
0.0167617557049242 -0.383660298694111 0.230134507120542 1
-0.096467767977542 -0.408931487838094 0.239136509447903 1
-0.205989314272213 -0.433298973523993 0.246597578908294 1
-0.320491298542561 -0.458790622599176 0.252873316995852 1
-0.429289997284744 -0.482942245889868 0.257243073594361 1
-0.550833389260326 -0.509809024276594 0.259760295163689 1
-0.643339886323466 -0.530265452753861 0.259765475417274 1
-0.711451518237076 -0.545232052859748 0.258251170017694 1
-0.740034626824388 -0.551507219576134 0.257302608768133 1
0.579157926553071 -0.274347874222321 0.172790056128919 1
0.533183587156453 -0.284795923616223 0.178445863444889 1
0.46963228482701 -0.299003040229027 0.18607726844672 1
0.356461619035105 -0.324317127291485 0.19892810646248 1
0.2467246480968 -0.348815167403893 0.210590813204793 1
0.131511615858177 -0.374523899568364 0.221899371824662 1
0.0239973091104297 -0.398471683559034 0.231501211531697 1
-0.0889433619488224 -0.423612126366285 0.240472600951594 1
-0.198679786411148 -0.447968353610451 0.247937083626253 1
-0.312574096691659 -0.473250310445805 0.254165141129267 1
-0.421247724068271 -0.497307681516237 0.258525240965693 1
-0.542794490115592 -0.524103997424397 0.261027129351316 1
-0.634839927399442 -0.544395589450305 0.261026594623709 1
-0.703000533338549 -0.559331985723964 0.259502145494297 1
-0.731561778043653 -0.565584464408634 0.258552598292607 1
0.602520119974689 -0.331661139584381 0.178463090508631 1
0.558470164886008 -0.341565051047146 0.183869125310729 1
0.493068871598208 -0.356041205925079 0.191700103337627 1
0.381467855907622 -0.380764564231995 0.204333019364892 1
0.272205449014758 -0.404924777874609 0.215911795984583 1
0.157958701747046 -0.430184084665696 0.227090507485372 1
0.0509294860844457 -0.453779210265019 0.236610812869047 1
-0.060874211984965 -0.478416056692379 0.245460232688891 1
-0.171211451333749 -0.502680555414007 0.252925155303745 1
-0.283037331090841 -0.527226403539823 0.258989073073016 1
-0.391308860378589 -0.550943820274904 0.263312054618036 1
-0.512650055825855 -0.577429465880927 0.265754359053535 1
-0.603148112400505 -0.59714608781039 0.265732957196879 1
-0.671418639658583 -0.611953617180707 0.264173767196127 1
-0.699882477426304 -0.618118302979591 0.263220957523163 1
0.642074681388626 -0.428682834772814 0.188065870125188 1
0.611081470833145 -0.435344380264072 0.191851353208381 1
0.532537620211849 -0.452434339966595 0.201214805740487 1
0.424000965350199 -0.476017569036053 0.213429712316243 1
0.314264914729597 -0.49984645441549 0.224982911123782 1
0.206274697340682 -0.523251846104005 0.235497187547134 1
0.0955573400000221 -0.547243531684506 0.245308723098504 1
-0.01372632500494 -0.570871652059198 0.253873480289181 1
-0.123011270492066 -0.594471451864867 0.261212920845361 1
-0.233400414403891 -0.618254515237781 0.267142096281168 1
-0.341658508890934 -0.64152048373153 0.271391491096993 1
-0.4604143861235 -0.666993323498994 0.273709224892303 1
-0.550085163651856 -0.686154246540988 0.273657414717455 1
-0.617793108870448 -0.700579037887503 0.272071695100732 1
-0.645930630431606 -0.706563840375343 0.27111767215161 1
0.692388004009775 -0.551974377425069 0.200264110411965 1
0.656123341955216 -0.55966891926146 0.204669794253403 1
0.58521033771784 -0.574731706427051 0.213053122023724 1
0.477228175954819 -0.597652179548193 0.225133105853165 1
0.369762331741017 -0.620434289662518 0.236364767781416 1
0.261674743496225 -0.643329425011599 0.246805618335911 1
0.154120366435992 -0.666069620850368 0.256243663307965 1
0.0463357518413062 -0.688836193309509 0.264622631727276 1
-0.0624565082806028 -0.711761117282833 0.271846902722981 1
-0.171105487600589 -0.734627029049753 0.277567151791916 1
-0.272918701577352 -0.756022385906787 0.281544266945646 1
-0.393347563981617 -0.781212515575749 0.283892588660682 1
-0.482743435585 -0.799880114172769 0.283753856500634 1
-0.548698306782888 -0.813597472198922 0.282180167097074 1
-0.576193729315905 -0.819307180141833 0.281235250138456 1
0.742811234297865 -0.675415284133561 0.212472512033729 1
0.709128436335467 -0.682368720262985 0.216538250475847 1
0.636921918207203 -0.697339738425981 0.225024554541363 1
0.530928661504569 -0.719295006302666 0.236796659182659 1
0.424885887863899 -0.741237555874452 0.247800708345213 1
0.318686315151729 -0.763182439445083 0.25797613530725 1
0.212721273902712 -0.785059762399643 0.267204734419338 1
0.105360976316432 -0.807178501687 0.275459886209021 1
0.0026102856348892 -0.828342335511214 0.282193151673454 1
-0.104358738731392 -0.850288585054051 0.287933389447185 1
-0.22560215939108 -0.875148949740362 0.292307290647207 1
-0.320878852249148 -0.894592239647981 0.293941549796078 1
-0.415918214775234 -0.913963225328674 0.29389902472671 1
-0.480040978496087 -0.926980179884071 0.292316314173254 1
-0.506745220973372 -0.932392463227497 0.291372261517476 1
0.781094266342093 -0.769044853793596 0.221729049009998 1
0.747334141433486 -0.775888557272234 0.225783775692758 1
0.676643980509226 -0.790275880716462 0.234051290812137 1
0.57161269005457 -0.811625519827416 0.245657925544613 1
0.466742551197354 -0.832922475930739 0.256474723416574 1
0.36226185914106 -0.854118810913932 0.266440676824708 1
0.256064633945699 -0.875627226298233 0.275594943997332 1
0.15470505498773 -0.896137610205017 0.28341232066019 1
0.0363775151428263 -0.920022336900703 0.290999573742397 1
-0.0539985167715767 -0.938241754546781 0.295680010677267 1
-0.172444705380844 -0.962060320328289 0.300033388209425 1
-0.270336966846376 -0.981687522784875 0.301697313813487 1
-0.364424538178957 -1.00050329149719 0.301589032881263 1
-0.427436262254666 -1.0130583690925 0.300011187352494 1
-0.453716293304602 -1.01828634798857 0.29907345334632 1
0.802562690586677 -0.821518153181143 0.226915488949665 1
0.769143151362332 -0.828222034411789 0.230918706152448 1
0.698561477389447 -0.842431348388888 0.239149730676685 1
0.594499858625443 -0.863364932275455 0.250614808318922 1
0.490303901578271 -0.884301420072324 0.261330557762346 1
0.386210428861078 -0.905192184247345 0.271224007562605 1
0.281051600163942 -0.92627186426411 0.280254945438444 1
0.180197483516216 -0.94645612546264 0.288004191749717 1
0.0619865103536927 -0.970080059998818 0.295543550411263 1
-0.0270853897541972 -0.987837001551664 0.300116932692815 1
-0.143903495645595 -1.01107995796122 0.304388768175251 1
-0.241655978044305 -1.03047685956454 0.306042358032926 1
-0.335571352212518 -1.04905826108973 0.305904103681393 1
-0.397947951530442 -1.06135624235681 0.304328675752362 1
-0.423979866086675 -1.06648046167272 0.303394313900978 1
0.807164443036614 -0.832764305057709 0.228026996787215 1
0.7738232250561 -0.839437112162292 0.232018542651913 1
0.703263682413379 -0.853608778936993 0.240241945060828 1
0.599404877380822 -0.874454336944877 0.251677259299285 1
0.495354444382796 -0.895313600181004 0.262371296957289 1
0.391346749282634 -0.916138597627062 0.272248866405576 1
0.286418987731427 -0.937124785353817 0.281253145529649 1
0.185615765306418 -0.957251173503172 0.288991077736444 1
0.0676707874074896 -0.98077038006705 0.296506089626661 1
-0.0213546385936119 -0.99847567231575 0.301070663501847 1
-0.137824057805244 -1.02159606863402 0.305323076305901 1
-0.235497848364822 -1.04093356442375 0.306973607297232 1
-0.329386977670952 -1.05946702158729 0.306829148831687 1
-0.391627165766792 -1.07171003857693 0.305254233998957 1
-0.417605618640756 -1.07681203785469 0.304320591132605 1
0
1
