3
3 3
9 6
0 0 0 0 0.166666666666667 0.333333333333333 0.5 0.666666666666667 0.833333333333333 1 1 1 1 
0 0 0 0 0.333333333333333 0.666666666666667 1 1 1 1 
2.51191710271925 -4.93277947517516 0.630735502983632 1
2.4824099130637 -4.93389286174784 0.633549313914216 1
2.4233641360895 -4.93623165441338 0.638837931722319 1
2.33470017667185 -4.93986656615428 0.645546782260572 1
2.24593982233081 -4.94341886481979 0.650824492610219 1
2.15708457901015 -4.9469359489022 0.654200156593455 1
2.06813595265365 -4.95046521689379 0.655202868032474 1
2.00887948637169 -4.95280592384226 0.653590592296477 1
1.97928812604786 -4.95396817747535 0.652039571504842 1
2.51168757309983 -4.93271588799827 0.619034322982527 1
2.48218309864582 -4.93383365666867 0.62125457349158 1
2.42314239571582 -4.9361691376656 0.625430249205958 1
2.33448740647193 -4.9397861634027 0.630740967137678 1
2.24573980959629 -4.94333096665483 0.634940569700879 1
2.15689886636335 -4.94684606878487 0.637659888247112 1
2.06796383804753 -4.95037399115574 0.638529754127926 1
2.00871866516771 -4.95271639343366 0.637338952938516 1
1.97913418257364 -4.95388068488116 0.636166438566403 1
2.51122851386099 -4.93258871364448 0.595631962980319 1
2.48172946981007 -4.93371524651032 0.596665092646307 1
2.42269891496844 -4.93604410417004 0.598614884173237 1
2.33406186607208 -4.93962535789954 0.601129336891891 1
2.24533978412726 -4.9431551703249 0.6031727238822 1
2.15652744106975 -4.94666630855022 0.604579351554425 1
2.06761960883529 -4.95019153967964 0.605183526318829 1
2.00839702275976 -4.95253733261645 0.604835674222593 1
1.97882629562521 -4.95370569969277 0.604420172689526 1
2.51053992500274 -4.9323979521138 0.560528422977006 1
2.48104902655645 -4.93353763127282 0.559780871378398 1
2.42203369384739 -4.93585655392669 0.558391836624156 1
2.33342355547232 -4.93938414964482 0.556711891523211 1
2.24473974592372 -4.94289147583001 0.555520955154181 1
2.15597030312935 -4.94639666819824 0.554958546515396 1
2.06710326501692 -4.94991786246551 0.555164184605184 1
2.00791455914783 -4.95226874139065 0.556080756148709 1
1.97836446520256 -4.9534432219102 0.556800773874209 1
2.5100808657639 -4.93227077776001 0.537126062974797 1
2.4805953977207 -4.93341922111447 0.535191390533125 1
2.42159021310002 -4.93573152043112 0.531576471591435 1
2.33299801507247 -4.93922334414166 0.527100261277424 1
2.2443397204547 -4.94271567950007 0.523753109335501 1
2.15559887783575 -4.94621690796358 0.521878009822709 1
2.06675903580467 -4.94973541098941 0.521817956796087 1
2.00759291673988 -4.95208968057344 0.523577477432786 1
1.97805657825412 -4.95326823672182 0.52505450799733 1
2.50985133614448 -4.93220719058312 0.525424882973693 1
2.48036858330283 -4.9333600160353 0.522896650110489 1
2.42136847272633 -4.93566900368334 0.518168789075074 1
2.33278524487254 -4.93914294139008 0.51229444615453 1
2.24413970772018 -4.94262778133511 0.507869186426162 1
2.15541316518895 -4.94612702784626 0.505337741476365 1
2.06658692119855 -4.94964418525136 0.505144842891538 1
2.0074320955359 -4.95200015016484 0.507325838074825 1
1.97790263477991 -4.95318074412763 0.509181375058892 1
0
1
