3
3 3
9 6
0 0 0 0 0.166666666666667 0.333333333333333 0.5 0.666666666666667 0.833333333333333 1 1 1 1 
0 0 0 0 0.333333333333333 0.666666666666667 1 1 1 1 
0.807164443036614 -0.832764305057709 0.228026996787215 1
0.739416067945037 -0.846323252991142 0.236137700679161 1
0.603834807456969 -0.873521798144847 0.251570238582 1
0.400171534248353 -0.9143949211515 0.271854008863327 1
0.196179027001458 -0.955176706849832 0.288774315641946 1
-0.00816604835480077 -0.99587405843466 0.301180189105744 1
-0.212887025891506 -1.0364938791008 0.307920659442607 1
-0.349397810370619 -1.06341646767888 0.306771920083172 1
-0.417605618640756 -1.07681203785469 0.304320591132605 1
0.805818279898223 -0.83219239574802 0.199657237214345 1
0.738062641694182 -0.845716480153997 0.206316412668894 1
0.602468325845823 -0.87284029326321 0.21902219332758 1
0.398803072645725 -0.913605098395236 0.23585650486578 1
0.194839378911337 -0.954301141571896 0.250079808255549 1
-0.00945010622314684 -0.99493950532046 0.260794788384729 1
-0.214092733623529 -1.0355312721682 0.267104130141162 1
-0.350517874813123 -1.06246510271367 0.266922281674874 1
-0.418669949824941 -1.07587611046004 0.2653715923519 1
0.80312595362144 -0.831048577128642 0.142917718068605 1
0.73535578919247 -0.844502934479707 0.146673836648359 1
0.599735362623531 -0.871477283499939 0.15392610281874 1
0.396066149440468 -0.91202545288271 0.163861496870684 1
0.192160082731093 -0.952550011016024 0.172690793482754 1
-0.0120182219598392 -0.993070399092059 0.1800239869427 1
-0.216504149087574 -1.03360605830299 0.185471071538272 1
-0.352758003698132 -1.06056237278325 0.187223004858279 1
-0.420798612193312 -1.07400425567072 0.187473594790491 1
0.799087464206266 -0.829332849199576 0.0578084393499939 1
0.731295510439902 -0.842682615968272 0.0572099726175561 1
0.595635917790092 -0.869432768855031 0.0562819670554792 1
0.391960764632583 -0.90965598461392 0.0558689848780412 1
0.188141138460729 -0.949923315182216 0.0566072713235619 1
-0.0158703955648776 -0.990266739749457 0.0588677847796559 1
-0.220121272283642 -1.03071823750518 0.0630214836339376 1
-0.356118197025645 -1.05770827788763 0.0676740896333861 1
-0.423991605745867 -1.07119647348676 0.0706265984483761 1
0.796395137929483 -0.828189030580198 0.00106892020425348 1
0.72858865793819 -0.841469070293983 -0.00243260340297885 1
0.5929029545678 -0.868069759091759 -0.0088141234533612 1
0.389223841427327 -0.908076339101394 -0.0161260231170542 1
0.185461842280486 -0.948172184626344 -0.0207817434492329 1
-0.0184385113015699 -0.988397633521055 -0.0219030166623735 1
-0.222532687747687 -1.02879302363997 -0.018611574968952 1
-0.358358325910653 -1.05580554795721 -0.0120251871832091 1
-0.426120268114237 -1.06932461869745 -0.00727139911303369 1
0.795048974791092 -0.827617121270509 -0.0273008393686167 1
0.727235231687334 -0.840862297456838 -0.0322538914132463 1
0.591536472956654 -0.867388254210123 -0.0413621687077814 1
0.387855379824698 -0.90728651634513 -0.0521235271146018 1
0.184122194190364 -0.947296619348408 -0.0594762508356303 1
-0.0197225691699161 -0.987463080406855 -0.0622884173833882 1
-0.22373839547971 -1.02783041670737 -0.0594281042703969 1
-0.359478390353158 -1.05485418299201 -0.0518748255915067 1
-0.427184599298422 -1.06838869130279 -0.0462203978937386 1
0
1
