3
3 3
15 45
0 0 0 0 0.0852514919011083 0.170502983802217 0.255754475703325 0.341005967604433 0.426257459505541 0.51150895140665 0.596760443307758 0.682011935208866 0.767263427109974 0.852514919011083 0.937766410912191 1 1 1 1 
0 0 0 0 0.0174291938997821 0.0413943355119826 0.065359477124183 0.0893246187363834 0.113289760348584 0.137254901960784 0.161220043572985 0.185185185185185 0.209150326797386 0.233115468409586 0.257080610021786 0.281045751633987 0.305010893246187 0.328976034858388 0.352941176470588 0.376906318082789 0.400871459694989 0.42483660130719 0.44880174291939 0.47276688453159 0.496732026143791 0.520697167755991 0.544662309368192 0.568627450980392 0.592592592592593 0.616557734204793 0.640522875816993 0.664488017429194 0.688453159041394 0.712418300653595 0.736383442265795 0.760348583877996 0.784313725490196 0.808278867102396 0.832244008714597 0.856209150326797 0.880174291938998 0.904139433551198 0.928104575163399 0.952069716775599 0.9760348583878 1 1 1 1 
0.807164443036614 -0.832764305057709 0.228026996787215 1
0.7738232250561 -0.839437112162292 0.232018542651913 1
0.703263682413379 -0.853608778936993 0.240241945060828 1
0.599404877380822 -0.874454336944877 0.251677259299285 1
0.495354444382796 -0.895313600181004 0.262371296957289 1
0.391346749282634 -0.916138597627062 0.272248866405576 1
0.286418987731427 -0.937124785353817 0.281253145529649 1
0.185615765306418 -0.957251173503172 0.288991077736444 1
0.0676707874074896 -0.98077038006705 0.296506089626661 1
-0.021354638593612 -0.99847567231575 0.301070663501847 1
-0.137824057805244 -1.02159606863402 0.305323076305901 1
-0.235497848364822 -1.04093356442375 0.306973607297232 1
-0.329386977670952 -1.05946702158729 0.306829148831687 1
-0.391627165766792 -1.07171003857693 0.305254233998957 1
-0.417605618640756 -1.07681203785469 0.304320591132605 1
0.819435782903113 -0.862754043395217 0.23099101768735 1
0.786303421572817 -0.869343986163635 0.234951439983819 1
0.715802895810533 -0.883415260398608 0.243154516751877 1
0.612484927395166 -0.904026082730003 0.254510461913587 1
0.508822558528199 -0.92467941380415 0.265146601477138 1
0.405043603740115 -0.945329033306309 0.274981823320164 1
0.300732021244721 -0.966065908259704 0.283915012439528 1
0.200064516746958 -0.986037968277922 0.291622773701049 1
0.0828288595509481 -1.009277900249 0.299072860867722 1
-0.00607263549871807 -1.02684546101998 0.303613945659267 1
-0.121612223564307 -1.04963903042816 0.307814564654302 1
-0.219076169219535 -1.06881811071499 0.309456938668716 1
-0.312895312226777 -1.08722371624746 0.309295935899139 1
-0.374771737063727 -1.09932016183056 0.307722389323209 1
-0.400607625451641 -1.10436290767329 0.306790663750279 1
0.848603451260139 -0.934011312205604 0.238032726577709 1
0.816057287449116 -0.940385668086944 0.241908529728384 1
0.745678080910899 -0.954226915359963 0.250066665242108 1
0.643560610013585 -0.974299304844469 0.26124373987753 1
0.540837736880144 -0.994463861974255 0.271741382609928 1
0.437649363749188 -1.0146921071874 0.281470221399931 1
0.3349456674903 -1.0348094971172 0.290230669659513 1
0.233630747771895 -1.05461786993759 0.29792225925929 1
0.122150231322811 -1.076369604907 0.304980292480823 1
0.0296082531992762 -1.09441147706355 0.309704262390532 1
-0.0837261641865683 -1.11644208652335 0.313748948192927 1
-0.179868577565387 -1.13507510156051 0.315357694091703 1
-0.273701446290867 -1.15321551848298 0.315161093239629 1
-0.334708646157438 -1.16496601525537 0.313590712491429 1
-0.360200980885117 -1.16986827329615 0.312663479359952 1
0.894745080340439 -1.0466418970452 0.249159350786559 1
0.861387135850386 -1.05302535393358 0.253106049305493 1
0.796684350647412 -1.06546455269214 0.260571861057433 1
0.691965326324264 -1.08554531184918 0.271978112726135 1
0.590835451177355 -1.10493419936859 0.282213914739581 1
0.493692200016096 -1.12354929948175 0.291347486450757 1
0.386452397447265 -1.14403502999169 0.300415150415566 1
0.292921597288035 -1.16191828563163 0.30747127838737 1
0.177945559072998 -1.18381650685986 0.314719907666702 1
0.0874990079385158 -1.20102831762294 0.3192420354322 1
-0.0228752309396843 -1.22197602107269 0.323131056666032 1
-0.118055735001388 -1.23999639944847 0.324699687172301 1
-0.211586408009947 -1.25765322242666 0.324444558722336 1
-0.27124881882378 -1.2688751031867 0.322880404019166 1
-0.296212338172377 -1.27356308433971 0.32196071326107 1
0.945612716893096 -1.17068806592316 0.261409071056358 1
0.912805130507515 -1.1767985694118 0.265258792585774 1
0.835204572251814 -1.1913192179766 0.274118196049713 1
0.74900027250828 -1.20741508819444 0.283360665959145 1
0.649065693677745 -1.22605951601653 0.293523061868803 1
0.53473319400881 -1.24739583384061 0.30402120095109 1
0.454247280380291 -1.26236013593881 0.310788026313698 1
0.335204970294509 -1.28451315582024 0.319593717189111 1
0.247252273157064 -1.30081063614002 0.32493693402741 1
0.149435231262889 -1.31894371229496 0.32989158204741 1
0.0443114171206163 -1.33836788902582 0.33345575390748 1
-0.0499098869097617 -1.35573680283864 0.335010621339926 1
-0.143006792871772 -1.3728489657405 0.334684886440958 1
-0.201211694508323 -1.38350858836386 0.333129095691975 1
-0.225601120251359 -1.38796821780886 0.332218334135816 1
0.996592716134929 -1.29488760040818 0.273669296831574 1
0.96475613744508 -1.30065301603955 0.27738390408826 1
0.894091385831755 -1.31350356823968 0.285412997909494 1
0.801070235004587 -1.33042166352392 0.295344908869136 1
0.707599652263111 -1.34741527310521 0.304756794956716 1
0.598159358528133 -1.36723462760502 0.314792917697372 1
0.510361159766667 -1.38316271750036 0.322096393737121 1
0.402840799505979 -1.40259305621445 0.32998424167797 1
0.309503848461562 -1.41946030122119 0.335676332312312 1
0.213491383416118 -1.43676606094765 0.340430694179754 1
0.111289007915791 -1.45514357301841 0.343840819556513 1
0.0185169234834541 -1.47178399739106 0.345341416192211 1
-0.0741913270321288 -1.48836478690769 0.344956340326196 1
-0.130954133349141 -1.49847975522793 0.343409188290688 1
-0.15477247385865 -1.5027174453208 0.34250733771472 1
1.04768561022713 -1.41924136106695 0.285940101544679 1
1.01665724831527 -1.42470460545727 0.289534504109644 1
0.94630848898968 -1.4371521444296 0.297461448918755 1
0.859419033059607 -1.45250681904054 0.306728923352285 1
0.748501770819674 -1.4721050898778 0.317718064727451 1
0.660446601749604 -1.48762007672335 0.325654001222884 1
0.568587846424145 -1.50380343431201 0.333293454436662 1
0.464182244463232 -1.52216772973163 0.340839307148794 1
0.373722686998498 -1.5380447034238 0.346317345766239 1
0.277315119813453 -1.55494628438618 0.35102423023541 1
0.178449717319502 -1.57222845298776 0.354248375613341 1
0.087113068208024 -1.58816020673955 0.355702425033387 1
-0.00512751608147828 -1.60420010494839 0.355257233952156 1
-0.0604560813204263 -1.61378691164814 0.353720453682613 1
-0.0837076373219407 -1.61780934331483 0.352828061075191 1
1.09889194561711 -1.54375022931842 0.298221560222754 1
1.06851595446388 -1.54894408308465 0.301719274275981 1
1.001568324339 -1.5604482959667 0.309221913762775 1
0.911910404437008 -1.57585399049777 0.318705627166057 1
0.810608697660882 -1.59321846124322 0.328677417575877 1
0.718779110194283 -1.60896141152683 0.336940809582135 1
0.627679551075433 -1.62455467217097 0.344426670939033 1
0.527041305042284 -1.64174656957064 0.351633458975368 1
0.437695376307876 -1.65699016207776 0.357008903053763 1
0.34139882166674 -1.67338883498961 0.361634806289752 1
0.246043439225916 -1.68958811343257 0.364679958176054 1
0.155836231732699 -1.70487260929291 0.366092966869265 1
0.0642152461553608 -1.72035268338224 0.365589004819366 1
0.010249573952065 -1.72943692537444 0.364061285506782 1
-0.0124540324860693 -1.73325281524691 0.363178229611197 1
1.15021228329619 -1.66841510778398 0.310513749516249 1
1.12122431833234 -1.67322481052502 0.313829214399813 1
1.05599875484814 -1.68410798032206 0.321098542623101 1
0.966209952448571 -1.69907952578506 0.330531943966544 1
0.867134164258972 -1.71558046954044 0.340203573622025 1
0.778303437254136 -1.73035248951781 0.348142655612591 1
0.686782828024917 -1.74556108341544 0.355596754638823 1
0.589690214312016 -1.76166514451669 0.362475278709696 1
0.501825538657443 -1.77621495847077 0.367722051432882 1
0.405980036129712 -1.79206388999659 0.372262811932508 1
0.312722354305709 -1.80743317840155 0.375163881777269 1
0.224960220611464 -1.82187892745848 0.376507021063084 1
0.133711400202615 -1.83684394191411 0.375948649711755 1
0.0812816757868131 -1.84541417977936 0.374439229125554 1
0.0591657646479049 -1.84902327068087 0.373567455417179 1
1.2016471990637 -1.79323692064604 0.322816747728719 1
1.17338395577644 -1.79778410061974 0.326029281679304 1
1.11076254787229 -1.80791751770814 0.332966308559918 1
1.0202249139052 -1.82256291519131 0.342412176739584 1
0.925290608070354 -1.83789350281045 0.351604933056273 1
0.83762089926283 -1.85203968660501 0.359397697776408 1
0.746179622989602 -1.86677846436336 0.366774641469192 1
0.652405053486533 -1.8818622094301 0.373343628542585 1
0.566399377404117 -1.89568138712772 0.378454232838033 1
0.469708294587233 -1.91118289094711 0.382937155126431 1
0.383608334229199 -1.9249655221385 0.385588021672831 1
0.293442197515447 -1.93934692841299 0.386969353275823 1
0.203839519851277 -1.9536030745017 0.386348081401785 1
0.152203854427557 -1.96178495764851 0.384826761256582 1
0.130495428452635 -1.96522016507608 0.383960509147127 1
1.25319728379895 -1.91821661401824 0.335130634847897 1
1.22560153567677 -1.92251700668145 0.338247301399187 1
1.16553767422802 -1.93193745599041 0.34486079568583 1
1.07454435627631 -1.94620024791221 0.354289187426131 1
0.983048039424064 -1.96051946164206 0.363075059727931 1
0.897171870028294 -1.97394793557818 0.370665405449999 1
0.805605036322748 -1.98824933794359 0.377976555289701 1
0.7158103533818 -2.00225123020971 0.384214922702555 1
0.629870933943449 -2.01562671723586 0.389245011950296 1
0.537755786207577 -2.02994207215329 0.393543010515728 1
0.439564934290042 -2.04517308639653 0.396373082964953 1
0.365183845359786 -2.05665498997835 0.397387524537252 1
0.272818951780217 -2.07090463093026 0.396743927462143 1
0.224649549089405 -2.07831060995622 0.395327458787321 1
0.203989220375136 -2.08148048907035 0.394489640732197 1
1.30486314374119 -2.0433551563286 0.347455492576404 1
1.279180067313 -2.04722778686472 0.350338240105002 1
1.22021614177812 -2.05617898180761 0.356795294725645 1
1.12897734095522 -2.07002609031324 0.36617977861674 1
1.04128256959153 -2.08331586587345 0.374534061730642 1
0.956656788612934 -2.09612436370689 0.381968167371613 1
0.86562728059829 -2.109892372083 0.389172516481068 1
0.777938273193643 -2.12311910542532 0.395187487683642 1
0.695138663552382 -2.13560935399663 0.400004390021014 1
0.601994053490984 -2.14962275625695 0.404268383575331 1
0.510214054280078 -2.16338257088046 0.40685803333264 1
0.436827247908775 -2.17439451945811 0.40786354945672 1
0.345578828782483 -2.18800110537811 0.407336542094891 1
0.291597807722958 -2.19603470063731 0.405575829048163 1
0.270015893026203 -2.19924120569557 0.404672424883684 1
1.35664540077651 -2.16865353871187 0.359791404364358 1
1.32967794370411 -2.17258718989888 0.362802547318013 1
1.27555313046738 -2.18053621132387 0.368681039799725 1
1.18369674733521 -2.19401733413825 0.378074902861893 1
1.09855197811523 -2.20648816630239 0.386107516921067 1
1.01671697748313 -2.21847711335667 0.393259751868033 1
0.92468497021584 -2.23193255024869 0.400457876431448 1
0.844398622677275 -2.24366665922562 0.405926963713469 1
0.758273643692522 -2.25620220051887 0.410922735323814 1
0.666946131166481 -2.2695038789223 0.414964337981949 1
0.581399173473063 -2.28191596885453 0.417449262864745 1
0.492292443254492 -2.29483050919846 0.418432878931536 1
0.417598733373788 -2.30560116622141 0.417779208759827 1
0.365964903993239 -2.31302550656636 0.416134383899362 1
0.344764680391331 -2.31607055474089 0.415264335747528 1
1.40854469273333 -2.29411277541463 0.372138455448854 1
1.38364910563104 -2.29761612193896 0.374902343106265 1
1.32966466874009 -2.30526975156534 0.38073286226966 1
1.23793564198895 -2.31828211047466 0.390028752620909 1
1.15981256271406 -2.32935053243006 0.397364459742596 1
1.07510994841411 -2.34132568064887 0.404704271517156 1
0.988312017977124 -2.35358790500491 0.411485946397734 1
0.895303973637634 -2.36671137422029 0.417656825223761 1
0.829918643389705 -2.37592252359192 0.421389527053346 1
0.730783010423181 -2.38985028465507 0.425813918644737 1
0.649800428670311 -2.40120752464692 0.428026148746717 1
0.564963402772643 -2.413069105307 0.428990723012821 1
0.488203405522391 -2.42378157289278 0.428305463022351 1
0.437598806073994 -2.43081491857631 0.426652574387124 1
0.416933904321696 -2.43368279704767 0.425788756863872 1
1.46056167368606 -2.41973390421328 0.384496732891802 1
1.43463704204609 -2.42325703224176 0.387352251426041 1
1.38743060782215 -2.42972873809124 0.392418454920002 1
1.29491942658893 -2.44237087310313 0.401782284881513 1
1.2072875752669 -2.45435948386883 0.409874018801011 1
1.13742030462188 -2.46387378568081 0.415861729857481 1
1.04631758582142 -2.47631114791235 0.422898975826124 1
0.965838957326817 -2.48724800488057 0.428248921211559 1
0.880095471292217 -2.49892431456147 0.433012104128815 1
0.800418550395356 -2.50971425313779 0.436383590499804 1
0.717747623200332 -2.52090527140761 0.438716551772012 1
0.633716248790606 -2.53225148329831 0.439568438309769 1
0.559449341179637 -2.54224352167966 0.438852548402184 1
0.51023320070326 -2.54884319034509 0.437224312610844 1
0.490072140187708 -2.55154319073985 0.43637348892966 1
1.51269701426639 -2.54551798684393 0.396866325619152 1
1.48710101042125 -2.54886845835368 0.399660719992642 1
1.42923349873501 -2.55651300274906 0.405793998747649 1
1.35308222512528 -2.56654253592459 0.413396552770136 1
1.26686279823865 -2.57788717612547 0.421336463949311 1
1.20049618234694 -2.5866388344719 0.427005336506519 1
1.1064337963481 -2.59898270232288 0.434222160544798 1
1.02823297965963 -2.60924698845342 0.439330127790963 1
0.94803277118596 -2.61974083492015 0.443763983430289 1
0.865643384612076 -2.63051959326391 0.447217430596428 1
0.786856809072226 -2.64079211421357 0.449371730350886 1
0.703612897585962 -2.65162269470186 0.450188614148384 1
0.630879670797566 -2.66105706627142 0.449432841544558 1
0.582919102953096 -2.66725590824263 0.447822125805563 1
0.563255649109537 -2.66979392297822 0.446983208133847 1
1.56495140198279 -2.67146610944464 0.409247324462181 1
1.54039917615341 -2.67455493403437 0.411912773543039 1
1.4868500408923 -2.68135018966594 0.417559545781766 1
1.40697802030699 -2.6914933497866 0.425467055713183 1
1.32855055276428 -2.7014287804542 0.432670423136449 1
1.24671118235483 -2.71180343752368 0.439531719842217 1
1.17075579188476 -2.72139385303618 0.445228510505138 1
1.09173805630729 -2.73137033173307 0.450412664994441 1
1.01181338167233 -2.74145032135064 0.454750541309445 1
0.932251494508665 -2.75145585522348 0.458019289948949 1
0.855876636700486 -2.76104328145398 0.460072012199694 1
0.773518421479404 -2.7713570249859 0.460834676451023 1
0.702584943043475 -2.7802111506105 0.460044981627277 1
0.655894213922792 -2.78601926410414 0.458454520196122 1
0.636724187080544 -2.78840075026154 0.457628073116274 1
1.61732554154882 -2.79757938301222 0.421639822201233 1
1.59307331613541 -2.80051109610633 0.424253407077321 1
1.54015558139442 -2.80697195324963 0.429792759573518 1
1.46307767851206 -2.81636761394487 0.437362049554655 1
1.38659710192808 -2.82568344331882 0.444325901785211 1
1.30949766251684 -2.83505882670303 0.450754905586272 1
1.23103158758646 -2.84460131219936 0.456598543782495 1
1.15593611069352 -2.85370993472263 0.461461342668141 1
1.07675956976259 -2.8633022943751 0.465720311744742 1
0.998840128710892 -2.87272373001627 0.468856871856543 1
0.925103447746975 -2.88161842310938 0.470799183560539 1
0.843749554357591 -2.89140944708645 0.471510510211103 1
0.774541199336322 -2.89971196357145 0.470689763635537 1
0.729095653706239 -2.90514512378811 0.469119540426401 1
0.710414688121062 -2.90737550737436 0.468305637428822 1
1.66982015521954 -2.92385894387205 0.434043913612036 1
1.64610248038574 -2.92660735495756 0.436583057514485 1
1.5947961041478 -2.93261504336737 0.441915612181529 1
1.51879297654621 -2.94150911586798 0.449320259199167 1
1.44571455703256 -2.95004744538135 0.455926735591509 1
1.36807864604642 -2.9591161960159 0.462347607122804 1
1.29264074127421 -2.96790789409524 0.467894855969456 1
1.22009238944037 -2.97635355495242 0.472553993091441 1
1.14167400882341 -2.98547069090757 0.476722620830332 1
1.06572613664549 -2.99428024466367 0.479717213222129 1
0.994474966381557 -3.00252770245884 0.481556930134426 1
0.914219086459833 -3.01179572129052 0.482215733229512 1
0.846757523028447 -3.0195608403095 0.481367226214679 1
0.802542375054255 -3.02463301855797 0.479817940225887 1
0.784345909685116 -3.02671766512648 0.479016786764413 1
1.72243598313602 -3.05030595416167 0.446459695514946 1
1.69979179066415 -3.05281678134442 0.448865879706483 1
1.64916526700417 -3.05849619621442 0.454094745084297 1
1.57484564864288 -3.06682489406636 0.461274664849478 1
1.50462765494342 -3.07468426280644 0.467575085042073 1
1.42802585448327 -3.08325112560645 0.473861496350924 1
1.35414411821681 -3.09150283659575 0.479234885168435 1
1.28439837336745 -3.09927910204004 0.483670140701591 1
1.2068808613155 -3.10791155316984 0.487744431179235 1
1.13282617732006 -3.11613979875723 0.490604085999907 1
1.06400838516134 -3.12376996623058 0.492344387638275 1
0.984952555152805 -3.13251480697868 0.492950761639987 1
0.919233508638108 -3.13976057511804 0.492077671924145 1
0.876231076819339 -3.14448590054269 0.490549783552323 1
0.858514537114699 -3.14643009921902 0.489761535500016 1
1.7751737836785 -3.17692160232905 0.45888726682759 1
1.75295217690739 -3.1792754271351 0.46123227262016 1
1.70382504359102 -3.18454383364171 0.466269557183675 1
1.63100332599144 -3.1923465411036 0.473248170254211 1
1.56370936069103 -3.19954765948478 0.479240674827023 1
1.48784104556827 -3.20766077648823 0.485417624048077 1
1.41592533102178 -3.21533823974719 0.490587503338676 1
1.34882468323961 -3.22249169312492 0.494814216931038 1
1.27228944898936 -3.2306399660608 0.49878980520646 1
1.20016569019351 -3.23830135250907 0.501516686273151 1
1.1337008151797 -3.24534706045106 0.503161923021719 1
1.05594502112132 -3.25357025708862 0.50371580245729 1
0.991971391153925 -3.26031363873273 0.502821341359578 1
0.950164496208008 -3.26470587174187 0.501315324730715 1
0.932923230025615 -3.26651484015019 0.500540136992949 1
1.82803433382757 -3.30370710364577 0.471326728621334 1
1.80651119517466 -3.30587975720912 0.473582122314405 1
1.75856551301447 -3.31078560369359 0.47846365105044 1
1.6873663767753 -3.31806427783371 0.485231212324488 1
1.62277372021657 -3.32465785324664 0.490938909564768 1
1.54794482713378 -3.33229326458898 0.496982128245791 1
1.47789922888516 -3.33942820061369 0.501960614505772 1
1.41329831213316 -3.3459977440867 0.505989459629589 1
1.3379474193322 -3.35365299532433 0.509856766582936 1
1.26773533835838 -3.36076855492838 0.512455816444817 1
1.20355035079865 -3.36726038514876 0.514009545131625 1
1.12720094634518 -3.37496438270203 0.514511135702552 1
1.06497257620596 -3.38122267253799 0.513598495083498 1
1.02434368758415 -3.38529533987976 0.51211477814681 1
1.00757303200566 -3.38697421880369 0.511352790400366 1
1.88101842953363 -3.43066370073608 0.483778184182263 1
1.86009791348075 -3.43267167107682 0.485954993617794 1
1.81346593672963 -3.43721387577961 0.490669030608569 1
1.7438273503605 -3.44398987480168 0.497233300180842 1
1.68217700940918 -3.44998433890755 0.502640520403533 1
1.60816467499302 -3.45717014008205 0.508569940080318 1
1.5400299110048 -3.46377660019113 0.513354986193053 1
1.47814255722262 -3.46977134734273 0.517178882180519 1
1.40376394054149 -3.47696105799853 0.520950450563147 1
1.33555639626752 -3.48354203459767 0.523420452826147 1
1.27357132776462 -3.48951036655202 0.524887484994188 1
1.19871792009164 -3.49670020607634 0.525336993508021 1
1.13823939361145 -3.50249030136325 0.524409413287026 1
1.09877061802673 -3.50625667208496 0.522948360269199 1
1.08246568862267 -3.50781054002018 0.522199703823719 1
1.93412688609336 -3.55779266412064 0.496241739077236 1
1.91393298621434 -3.55963038221843 0.498328177723283 1
1.86842400227526 -3.56383921396836 0.502894731315276 1
1.80072307159336 -3.57009689056617 0.509226884437772 1
1.74068011588968 -3.57563146560469 0.514447458216087 1
1.66877801956453 -3.58226896742196 0.520156236793855 1
1.60255448333515 -3.58836632630939 0.5247607947337 1
1.54213890952524 -3.59391480511743 0.528447640006659 1
1.4700640680442 -3.60053947268291 0.532053604064991 1
1.40356267757479 -3.60663012434246 0.534415304536908 1
1.34371224939093 -3.61210201405318 0.53579546119416 1
1.270511876152 -3.61877949171707 0.536193763717222 1
1.2117715588449 -3.62411939496892 0.535254316575672 1
1.17344551084602 -3.62759243043053 0.53381635271235 1
1.15760196975568 -3.62902624863545 0.533081135589892 1
1.98736053853349 -3.68509529277654 0.508717501226039 1
1.96759258449792 -3.68679654295728 0.510745176978316 1
1.92377462946576 -3.69063486028507 0.515113276244102 1
1.85682125534582 -3.6964904063996 0.521313596330723 1
1.80288327739713 -3.70121501873685 0.525981481570573 1
1.72885579336647 -3.70767007200316 0.53182644036496 1
1.66456897504296 -3.71327472376023 0.536217743322554 1
1.60983984403282 -3.71805008733179 0.539552560565554 1
1.53564801278377 -3.7244909031635 0.543231445456273 1
1.47200746083984 -3.73001367592074 0.545424009171115 1
1.41416881958751 -3.73502322390984 0.546735038601722 1
1.34253250463541 -3.74120867617687 0.547081297762333 1
1.285578578095 -3.74611221654093 0.546133684844495 1
1.24837488042789 -3.74930478241247 0.544718808947143 1
1.23298606643125 -3.75062359784296 0.543997166735434 1
2.04072024200131 -3.81257291471499 0.521205580980842 1
2.02168932044997 -3.81411610753158 0.523142356156016 1
1.97828550417854 -3.81770533166306 0.527426222030593 1
1.9167219576906 -3.82278785419468 0.533115422675644 1
1.85162474611117 -3.82817031555887 0.538653911567372 1
1.7918451583815 -3.8330869789471 0.543264770815672 1
1.72946091972539 -3.83822257669424 0.547578045691899 1
1.6642557709829 -3.84359246845263 0.551401656264716 1
1.60499970169378 -3.84844404054778 0.554241728285911 1
1.5399538802049 -3.85377608178248 0.556508786340675 1
1.48421382388388 -3.85832601635124 0.557700951783185 1
1.4149766243958 -3.86397710415863 0.558001388069502 1
1.35963290604777 -3.86847364452044 0.557047357865465 1
1.32354324256724 -3.87139752146962 0.555656207277005 1
1.30861056857395 -3.87260573533527 0.554948230157375 1
2.09420687215991 -3.94022688757502 0.533706091214231 1
2.07577456746648 -3.94163000405347 0.535568519128201 1
2.03387337754671 -3.94488895990823 0.539675711681822 1
1.9732773637062 -3.94959967119237 0.54522199937425 1
1.91358534107323 -3.95422705057998 0.550264905697009 1
1.85240007437428 -3.95897766807513 0.554963131287334 1
1.79193908452348 -3.96365992127514 0.559075109354975 1
1.73190555462351 -3.96829602725792 0.562570507446165 1
1.67127763651931 -3.97298414738453 0.565463378630388 1
1.60825787079275 -3.97783603867848 0.567579662035877 1
1.55727449325076 -3.98176494346109 0.568675571696092 1
1.48692817989791 -3.98715387681978 0.568959042585345 1
1.43407731784173 -3.99119644935778 0.567995047856188 1
1.39902914562258 -3.99386773514697 0.566628173029621 1
1.38451662411563 -3.99497236724722 0.565934188535416 1
2.14782132558733 -4.06805859923436 0.546219147417655 1
2.13003150321127 -4.06932455883654 0.548003374048375 1
2.08935052062033 -4.07229002627846 0.551960098851852 1
2.03092464348119 -4.07654407059696 0.557266922191602 1
1.97221057238829 -4.08081808295327 0.562182591229171 1
1.91384926012505 -4.08505627427061 0.566616187670372 1
1.8552511466049 -4.08930894195284 0.57056314782775 1
1.7964778496377 -4.09357036692982 0.57394873504106 1
1.73787482520001 -4.09780859623686 0.576669529108985 1
1.67966794915882 -4.10200856324119 0.578655819558387 1
1.61897345520199 -4.10639749494894 0.579810469635607 1
1.56224179534868 -4.11045906170531 0.579913993352015 1
1.50832118278612 -4.11432712478841 0.578983263845395 1
1.47451415445528 -4.11674164673568 0.577638393971811 1
1.46054177934442 -4.11773818120652 0.576957061051177 1
2.20156452017816 -4.19606946843938 0.558744867812801 1
2.1844410162557 -4.19720292471875 0.560449665617548 1
2.14503691240994 -4.19988252351832 0.564253192079094 1
2.08847456037193 -4.20372563197344 0.569348574071199 1
2.03194402296823 -4.20756131730068 0.574040512584284 1
1.97527862888459 -4.21140373246583 0.578306264359804 1
1.9186174523115 -4.21523992319632 0.582080402503462 1
1.86201363260521 -4.21906616871303 0.58530221864179 1
1.80511783127121 -4.22290637385567 0.587906540532333 1
1.74884623934857 -4.226701459496 0.589787308566407 1
1.69034558435489 -4.23061873063819 0.590860561341269 1
1.63528336876356 -4.23432619927224 0.59093225298927 1
1.5832336597476 -4.23780249184706 0.590002212637239 1
1.55046805312375 -4.23998626556371 0.588681674792734 1
1.53692742370153 -4.24088754291662 0.588014284762775 1
2.25543739554379 -4.32426094545237 0.571283373478688 1
2.23897174895672 -4.32526904546198 0.572910509189577 1
2.20084824839654 -4.32767542968931 0.576562179205424 1
2.14624671257665 -4.33111854637262 0.581440790420706 1
2.0915983768205 -4.33456145441648 0.585937046805638 1
2.03692890074257 -4.33800112332438 0.590011564886176 1
1.98227038298946 -4.34143601276507 0.593616778516889 1
1.92735113015202 -4.3448827994209 0.59669433398901 1
1.87323577055618 -4.34827248277444 0.599160312632859 1
1.81604771932574 -4.35185010227073 0.600968560545956 1
1.77015202460027 -4.35470775274837 0.601863736689332 1
1.70638757403876 -4.35868406898268 0.602004015979763 1
1.65876512069897 -4.36163711421697 0.601053805999725 1
1.62686589494449 -4.36361057701018 0.599759075623402 1
1.61366257674217 -4.36442632913935 0.599106556893723 1
2.30944091340852 -4.4526345127174 0.583834788498505 1
2.29364487847277 -4.45352304536404 0.58538411969222 1
2.25680788892959 -4.4556684321816 0.588885319270431 1
2.20415903118244 -4.45873184519054 0.593550743109908 1
2.15148548042246 -4.46179335523807 0.597846176724802 1
2.0987635698921 -4.46485440772741 0.601737916685916 1
2.04605218740282 -4.46791095318538 0.605176112921424 1
1.99316652447812 -4.4709726554404 0.608105137153486 1
1.94076746721711 -4.47400251931636 0.610449252796043 1
1.88645051478795 -4.477134793901 0.612147344504059 1
1.83915186071539 -4.47986370644067 0.613012070693923 1
1.78071090090773 -4.48321505410428 0.613078205554032 1
1.73412676059893 -4.4858834685763 0.61214615596057 1
1.70327804036518 -4.48764422236299 0.610875358759524 1
1.69052406076947 -4.48837119378703 0.6102363048964 1
2.36357605799625 -4.58119168554533 0.59639924013139 1
2.34845202537748 -4.58196711612684 0.59787152653727 1
2.31291134025235 -4.58386370015301 0.6012232429346 1
2.26223350262657 -4.58656547608272 0.605676772675148 1
2.2115289778436 -4.58926597485008 0.60977486350926 1
2.16078484961242 -4.59196537553974 0.613484023221097 1
2.11003869132507 -4.59466135606082 0.616757787586439 1
2.05916317734664 -4.59736112893672 0.619539663452355 1
2.00872155308822 -4.60003223605216 0.621762688827578 1
1.95632764594399 -4.60280254085676 0.623362776024173 1
1.91125504059243 -4.60517912517671 0.624161378299105 1
1.8545341628485 -4.60816590388069 0.624193732444391 1
1.80988575247197 -4.61050756017214 0.62327415486993 1
1.78002788118329 -4.61206959510198 0.622026809270855 1
1.76769247150996 -4.61271401690203 0.621402245050582 1
2.41784383640072 -4.70993401281728 0.608976859016055 1
2.40339998730063 -4.71060254091195 0.610372322917483 1
2.36916058549734 -4.71226281458858 0.613576018374142 1
2.32046810480402 -4.71462174835319 0.617819332720671 1
2.27174222585134 -4.71697963667594 0.62172220321582 1
2.22298355093148 -4.71933667355233 0.625250883320975 1
2.17426162538964 -4.72168930379889 0.628359910343794 1
2.12523242852925 -4.72405115683781 0.631005784172949 1
2.07688033753074 -4.72638029185151 0.63310141668101 1
2.02666567655745 -4.72879156321326 0.63460543544426 1
1.982743895698 -4.73089912465252 0.635350195524155 1
1.92883535211264 -4.73347529363631 0.635341023782513 1
1.88592206013965 -4.73552187491966 0.634437884089904 1
1.85699018608513 -4.73689639005052 0.633217527781715 1
1.8450524301364 -4.73746288165675 0.632604745676425 1
2.47224527893003 -4.83886307770786 0.621567779415644 1
2.45848136813235 -4.83943139468912 0.622887445352455 1
2.42555883713823 -4.8408675074523 0.625943624778796 1
2.378856200002 -4.84290263266997 0.629979247429017 1
2.33215601727287 -4.8449361715672 0.6336859310852 1
2.28540270437775 -4.846968941304 0.637036993394225 1
2.2385272776925 -4.84900374863282 0.639991961027273 1
2.19211542148805 -4.85102057945702 0.642468430311443 1
2.14511560167528 -4.85305156654525 0.644474332743697 1
2.09725865712601 -4.85512049324576 0.645876012865972 1
2.05458164219537 -4.85696139767939 0.646568580231942 1
2.00344468200111 -4.85916143930436 0.646524472105652 1
1.9621309805644 -4.86093180537212 0.645634657868317 1
1.93440212418929 -4.86211944081212 0.644451518863711 1
1.92293171466154 -4.86260966875086 0.643856363177113 1
2.52678143941158 -4.96798049842635 0.634172139516437 1
2.5137217805708 -4.96845428467417 0.635414756892501 1
2.48209806692638 -4.96967972143658 0.638326985142427 1
2.43743378803906 -4.9714093398339 0.642153773168695 1
2.39264187221977 -4.97314028002656 0.64567712281896 1
2.34788804968919 -4.97487027962627 0.648848596721803 1
2.30358805077854 -4.97658099943235 0.651619257431987 1
2.25696618340752 -4.97837041785 0.654061456973078 1
2.21416835013772 -4.98002346598615 0.655846682929398 1
2.16795534737388 -4.981795600026 0.657182714617845 1
2.12664350105066 -4.98338066010799 0.657820211660049 1
2.07805751495021 -4.98523427379868 0.657732127125348 1
2.03913020478225 -4.98672055776727 0.656897644288345 1
2.01135073577778 -4.98777316295893 0.655678986227668 1
2.00007069221942 -4.98820049513329 0.65508480179887 1
2.58145339543826 -5.09728792897586 0.646790081798117 1
2.56903821482001 -5.09767621059559 0.647962175773953 1
2.53881413525112 -5.09870063672533 0.65072336369767 1
2.49607110444426 -5.10014671125322 0.65435409745338 1
2.45369114618618 -5.10158395029163 0.657654886059961 1
2.41102247951762 -5.10302124583182 0.660663494254795 1
2.36663750182243 -5.10452138599981 0.663372423746444 1
2.3304377872517 -5.10573439838752 0.665286061525402 1
2.28121287361403 -5.10739744881661 0.667350084350594 1
2.23958063712508 -5.10879249851831 0.668494322023006 1
2.19846785415128 -5.1101716343258 0.669100257978321 1
2.15408682382741 -5.11165630865888 0.669012887439911 1
2.11453326714636 -5.11297245806529 0.668088520106083 1
2.09131606831833 -5.11374143053827 0.667113537966396 1
2.08123136501772 -5.11407558320285 0.666580732646821 1
2.63626224852863 -5.22678705993013 0.659421753500405 1
2.62468338060325 -5.22709020177973 0.660506652912931 1
2.59554832799768 -5.22793553556119 0.663145168225529 1
2.55537249533746 -5.22910225332043 0.666533977282821 1
2.51305164912062 -5.23032172503626 0.669792703381907 1
2.47421889375667 -5.23145205987133 0.672491636247811 1
2.43225781772459 -5.23266123025715 0.675040929058556 1
2.39479674484792 -5.23374950191252 0.676975678316476 1
2.350894300078 -5.23500657009967 0.678768681908202 1
2.31068631821641 -5.23616538717136 0.679862186846409 1
2.27121224769447 -5.23729956842987 0.680420810707684 1
2.22778977008913 -5.23853615325912 0.680270391537085 1
2.19238401147184 -5.23955093755871 0.679432346932669 1
2.1688744533309 -5.24022242526915 0.678416209231126 1
2.15888325240374 -5.24050671173198 0.67788226535306 1
2.69120912415998 -5.3564796192246 0.672067307221234 1
2.68030827902745 -5.35671068847248 0.673081460725938 1
2.65297448895589 -5.35737087520792 0.675543326255621 1
2.61280609455006 -5.35834221194075 0.678880159926579 1
2.58019055843452 -5.35912328198264 0.681394516575408 1
2.53573958002477 -5.36019995632354 0.684481907023562 1
2.49804541718657 -5.3611055835682 0.686721500286646 1
2.46141186653118 -5.36198396713213 0.688596914328941 1
2.42063141075675 -5.36296741345491 0.690222980826138 1
2.38252565467941 -5.36387417754248 0.691266384480175 1
2.3424648304901 -5.36483843640057 0.691744080858835 1
2.30946344107321 -5.36561478397072 0.691671866270441 1
2.26894495438999 -5.36658428096073 0.690775133641366 1
2.24674644299444 -5.36710857834363 0.689787254390653 1
2.23741192840063 -5.36732912163643 0.689272424368725 1
2.74629517161418 -5.48636737295877 0.684726901697647 1
2.73619554824004 -5.48652681369438 0.685658800539056 1
2.70994503032412 -5.48703406371073 0.688001192194608 1
2.67274677984359 -5.48774928367856 0.691072096461416 1
2.63874391258464 -5.48841077215677 0.693657721908153 1
2.59973262712721 -5.48915475752636 0.696326158528922 1
2.56339614260581 -5.48985366962263 0.698470240125954 1
2.52853733688041 -5.49052912976752 0.700231961743412 1
2.48877881692258 -5.49127903199107 0.701769118483154 1
2.45490745221548 -5.49193553205236 0.702675084674562 1
2.41461911339021 -5.49269828067054 0.703139579690833 1
2.38272615888193 -5.49331554397954 0.702991267637849 1
2.34702218514574 -5.49398428325762 0.702163235423844 1
2.32581003073685 -5.49438966838075 0.70122534886242 1
2.31672929802112 -5.49456208964928 0.700720537046931 1
2.80152156354436 -5.61645212620534 0.697400702845185 1
2.79156685500807 -5.6165714408388 0.698311800301368 1
2.76714610026349 -5.61692392953876 0.700472152792379 1
2.73231937819178 -5.61742843314355 0.703323243937245 1
2.69961054403249 -5.61789932918641 0.70578622520868 1
2.66342078318535 -5.61842386043169 0.70822610088231 1
2.62996848861819 -5.61890344740263 0.710205436904474 1
2.59241925369778 -5.61944318694889 0.712019485687769 1
2.56517110561903 -5.61983208239177 0.713092834478744 1
2.52409481676792 -5.62042518779811 0.714189965137057 1
2.49290937980443 -5.62086644531499 0.714531208551618 1
2.45652337784732 -5.62138909623932 0.714362787077776 1
2.42626578699154 -5.62181946874212 0.713661423882639 1
2.40369319962683 -5.62213838340461 0.712587744948611 1
2.39478762517216 -5.62226402749932 0.712093826827157 1
2.85688949511836 -5.74673572381606 0.710088885169811 1
2.84990929540613 -5.74673572182843 0.710723709879708 1
2.8247677227227 -5.74697743152805 0.712929673000189 1
2.7920177696004 -5.74728505528937 0.715589610094438 1
2.76035048715914 -5.74759279242092 0.717947035961545 1
2.72680380368088 -5.74790199462121 0.720183015619282 1
2.69484505927969 -5.748211744028 0.722027232396233 1
2.66439391911333 -5.7484937547627 0.723515333136094 1
2.63074094459366 -5.74882220355356 0.72480137383239 1
2.59790954890037 -5.74912287603053 0.725630133190093 1
2.56472338771726 -5.74944548635815 0.725985007867082 1
2.53274524956885 -5.74974194744247 0.725795122587528 1
2.50322670319055 -5.75001628144947 0.725035863953391 1
2.48524167162824 -5.75018131869316 0.724228802486273 1
2.47748642077575 -5.75025321838453 0.723799239670533 1
2.91240018250878 -5.87722005121045 0.722791633728851 1
2.89861596861691 -5.87737633142361 0.72403092237362 1
2.88133236449457 -5.87745988555293 0.725529075065398 1
2.85289644000218 -5.87760664016135 0.727829910856101 1
2.81928838503055 -5.87777227832889 0.730288785136535 1
2.79467569189749 -5.87789568148335 0.731916556284847 1
2.76057052539637 -5.8780633149248 0.733900111159527 1
2.73078453103209 -5.87821882030893 0.735308495672182 1
2.70081369384877 -5.87836253462583 0.736415895128273 1
2.67107408257469 -5.87850873773759 0.737164893546403 1
2.63737180314114 -5.87867151223639 0.737501788636849 1
2.60725952827776 -5.87882195633124 0.737231082816355 1
2.58267335240695 -5.87894295816836 0.736596968972197 1
2.5648331740342 -5.87903187898275 0.735772366359311 1
2.55733041604262 -5.87906881848086 0.735355480613883 1
2.9680548603478 -6.00790703512282 0.735509146920818 1
2.96695934000711 -6.00741722057932 0.735564223720244 1
2.94249759119826 -6.00738471359276 0.737679310263335 1
2.910741122903 -6.00735331458182 0.740221586942343 1
2.88369049137 -6.00731738787434 0.742181460449002 1
2.85488935424175 -6.00729160904853 0.744057546033997 1
2.82770304465155 -6.00725522863912 0.745600114202719 1
2.79672123886087 -6.00722141449529 0.747051636956636 1
2.76884021906074 -6.00719100186431 0.748021324416672 1
2.74279807406114 -6.0071596492788 0.748632317737747 1
2.71493332503684 -6.00712459308519 0.748913471232567 1
2.68620777177079 -6.00709217131787 0.74872205484746 1
2.66035911603242 -6.00706653781482 0.748034423533064 1
2.64419364613144 -6.00704724893299 0.74728115039649 1
2.6373523881135 -6.00703927719003 0.746893631757426 1
3.00579962456979 -6.09600899404557 0.744062627265806 1
2.9882143703907 -6.09609850046083 0.745619293806075 1
2.98013304536856 -6.0960905517396 0.746316757727102 1
2.95224327437823 -6.09606597969283 0.748540634079974 1
2.92644387090738 -6.09603938323191 0.750422747540481 1
2.89770835382753 -6.09601726505587 0.752286413998635 1
2.87331507515296 -6.09599039705014 0.753662007043556 1
2.84485713894864 -6.09596562646303 0.75500557703452 1
2.81844330655932 -6.09594077972402 0.75593942350901 1
2.79279171524245 -6.09591646701571 0.756553648681512 1
2.76580245204054 -6.09588974846825 0.75680652737922 1
2.74062654409776 -6.09586510319547 0.756652394688999 1
2.71464085119773 -6.09584424681116 0.755983343303332 1
2.69933352938649 -6.09582997365916 0.755263884527082 1
2.69290890916731 -6.09582394806066 0.754898255248014 1
3.02473782819953 -6.14004368170365 0.748331336262006 1
3.01610863488414 -6.14004368170373 0.749100066976797 1
2.99834527716272 -6.14004368170386 0.750633028426211 1
2.97299574779607 -6.14004368170378 0.752649894786635 1
2.94774507607493 -6.14004368170381 0.754504558720028 1
2.91879793470326 -6.1400436817038 0.756379554371285 1
2.89597380082554 -6.1400436817038 0.757662372969861 1
2.86923766644438 -6.1400436817038 0.758935710042656 1
2.84346741279629 -6.1400436817038 0.759864163812467 1
2.81767572532164 -6.1400436817038 0.760493488213295 1
2.79094644210573 -6.1400436817038 0.760731879736898 1
2.76795256005374 -6.1400436817038 0.76060246544649 1
2.74167041299598 -6.1400436817038 0.759941942092307 1
2.72682669936086 -6.1400436817038 0.759241753987373 1
2.72062597662332 -6.1400436817038 0.758888248773414 1
0
1
