3
3 3
9 6
0 0 0 0 0.166666666666667 0.333333333333333 0.5 0.666666666666667 0.833333333333333 1 1 1 1 
0 0 0 0 0.333333333333333 0.666666666666667 1 1 1 1 
0.572903469937946 -0.259003734137928 0.171271229768177 1
0.500330508144943 -0.275537560589191 0.180205020316559 1
0.354988534416452 -0.308249078213472 0.197267213269443 1
0.136553992942829 -0.356875447589647 0.219816597990451 1
-0.0821355598651142 -0.405688408680065 0.238694337726471 1
-0.301153725612295 -0.454518838778179 0.252679512355566 1
-0.520574105903632 -0.503197615177444 0.2605512017558 1
-0.666907947624579 -0.535452908968429 0.259729396392934 1
-0.740034626824388 -0.551507219576134 0.257302608768133 1
0.571377767090771 -0.258370717995324 0.140655853335916 1
0.498782761754078 -0.274831291781428 0.148023095929633 1
0.353408531963735 -0.307440113688117 0.162135198652033 1
0.134960510312136 -0.355975137079667 0.180943560892782 1
-0.0837082079207582 -0.404690718530804 0.196899486842931 1
-0.302677905099776 -0.453443424496208 0.209050973446078 1
-0.522028863589747 -0.502089821430559 0.21644601764582 1
-0.668275930871341 -0.534361734833022 0.21666152780182 1
-0.741342468437786 -0.550435900762545 0.21520476362514 1
0.568326361396422 -0.257104685710117 0.0794251004713948 1
0.49568726897235 -0.273418754165902 0.08365924715578 1
0.350248527058301 -0.305822184637407 0.0918711694172117 1
0.131773545050749 -0.354174516059705 0.103197486697441 1
-0.0868535040320464 -0.402695338232283 0.113309785075852 1
-0.305726264074737 -0.451292595932268 0.121793895627104 1
-0.524938378961977 -0.499874233936788 0.128235649425859 1
-0.671011897364865 -0.532179386562209 0.130525790619591 1
-0.743958151664582 -0.548293263135366 0.131009073339154 1
0.563749252854897 -0.255205637282307 -0.012421028825387 1
0.491044029799757 -0.271299947742614 -0.0128865260049994 1
0.34550851970015 -0.303395291061342 -0.0135248744350198 1
0.126993097158668 -0.351473584529763 -0.0134216245955685 1
-0.0915714481989783 -0.399702267784501 -0.0120747675747669 1
-0.310298802537179 -0.448066353086357 -0.00909172110135724 1
-0.529302652020322 -0.496550852696133 -0.00407990290408172 1
-0.675115847105151 -0.528905864155988 0.00132218484624785 1
-0.747881676504776 -0.545079306694599 0.0047155379101746 1
0.560697847160548 -0.2539396049971 -0.0736517816899082 1
0.487948537018028 -0.269887410127088 -0.0772503747788523 1
0.342348514794715 -0.301777362010632 -0.0837889036698407 1
0.123806131897281 -0.349672963509801 -0.0911676987909086 1
-0.0947167443102661 -0.397706887485979 -0.0956644693418462 1
-0.31334716151214 -0.445915524522416 -0.0963487989203315 1
-0.532212167392552 -0.494335265202362 -0.0922902711240424 1
-0.677851813598675 -0.526723515885174 -0.0848135523359808 1
-0.750497359731571 -0.54293666906742 -0.0794801523758114 1
0.559172144313373 -0.253306588854496 -0.104267158122169 1
0.486400790627163 -0.269181141319326 -0.109432299165779 1
0.340768512341998 -0.300968397485277 -0.118920918287251 1
0.122212649266588 -0.34877265299982 -0.130040735888579 1
-0.0962893923659102 -0.396709197336718 -0.137459320225386 1
-0.31487134099962 -0.444840110240445 -0.139977337829819 1
-0.533666925078667 -0.493227471455476 -0.136395455234023 1
-0.679219796845437 -0.525632341749767 -0.127881420927095 1
-0.751805201344969 -0.541865350253831 -0.121577997518804 1
0
1
