3
3 3
23 9
0 0 0 0 0.0408884401817265 0.0913679959616356 0.141847551741545 0.192327107521454 0.242806663301363 0.293286219081272 0.343765774861181 0.39424533064109 0.444724886421 0.495204442200909 0.545683997980818 0.596163553760727 0.646643109540636 0.697122665320545 0.747602221100454 0.798081776880363 0.848561332660273 0.899040888440182 0.949520444220091 1 1 1 1 
0 0 0 0 0.0784313725490195 0.294117647058823 0.509803921568627 0.725490196078431 0.941176470588235 1 1 1 1 
0.559172144313373 -0.253306588854496 -0.104267158122169 1
0.588945960988469 -0.246811642822228 -0.102153882021843 1
0.656033742135707 -0.232177300094627 -0.0972332924911373 1
0.764461952266835 -0.208591447311092 -0.088677771700975 1
0.875134499819009 -0.184516178103426 -0.0793119045746157 1
0.987405372713965 -0.160128852341683 -0.0692202017484609 1
1.0987308305564 -0.135963475564295 -0.0585909796793247 1
1.21069255330936 -0.111687274323623 -0.0473430000188348 1
1.32136953699643 -0.0877228811616538 -0.0354078286013858 1
1.44256148989347 -0.0614807028676353 -0.0224681144078847 1
1.52896430298264 -0.0428903735264104 -0.00961373635429569 1
1.7118783741348 -0.00307455859821878 0.00283998756849029 1
1.56210504238007 -0.0366725395133084 0.023506504241273 1
1.46201771136046 -0.059285204329972 0.0421578543602135 1
1.3494485520475 -0.0846399806275612 0.0603748727118281 1
1.23647836711333 -0.110059154528086 0.0784608475942107 1
1.13136299741359 -0.133737859770232 0.0946150159504962 1
1.01555735565422 -0.159767202397935 0.111811196034007 1
0.909249590908782 -0.18368558703281 0.127011130171955 1
0.793784494067668 -0.209596855468724 0.142900100477781 1
0.68463775179021 -0.234113738182456 0.157301849671729 1
0.617267784792455 -0.249230099867888 0.16580555830113 1
0.572903469937946 -0.259003734137928 0.171271229768177 1
0.565562169880123 -0.268606252686666 -0.10220733065362 1
0.595226480117817 -0.262151656072596 -0.100100593997272 1
0.66194432916651 -0.247635992420858 -0.095203848556816 1
0.77043965914825 -0.224087938269574 -0.0866400881122196 1
0.880845593361579 -0.200127711946275 -0.0772914328077089 1
0.99290225820273 -0.17584150174094 -0.0672151411049276 1
1.10405730598311 -0.151767395748049 -0.0565978974118804 1
1.21578632057602 -0.127594302990802 -0.0453694009420753 1
1.32635197907994 -0.103704313122913 -0.0334424383631321 1
1.44728962731396 -0.0775713907583496 -0.0205252878215707 1
1.53349066986557 -0.0590629159316854 -0.00769703778847108 1
1.71608254240819 -0.0193935359946939 0.00474248670356867 1
1.56658214697939 -0.0528698146093658 0.0253619318057119 1
1.46666234011915 -0.0754031284950354 0.0439751459700674 1
1.35434795909601 -0.10065195566525 0.0621435943316712 1
1.24138818919306 -0.126020835215678 0.0802195618277146 1
1.13676108545476 -0.149539001262328 0.0962902691509446 1
1.02106783282082 -0.175492031421 0.113463629126184 1
0.914547832940154 -0.19940235515972 0.128683149278962 1
0.799817696763694 -0.225097595512237 0.14446259474765 1
0.690631457066471 -0.249565923719363 0.158861571694864 1
0.623229673973516 -0.264652878362297 0.16736351122279 1
0.579157926553071 -0.274347874222321 0.172790056128919 1
0.589464981768698 -0.325756702041994 -0.0945098748214399 1
0.618755405896649 -0.319446014604018 -0.0924248117979603 1
0.684199011804651 -0.305351156365094 -0.0876087456323599 1
0.792718617741304 -0.282000683657325 -0.0790308939031352 1
0.902217098309011 -0.258457044344564 -0.0697388537699725 1
1.01337099559465 -0.234576617105401 -0.059728825883088 1
1.12398308744987 -0.210832114608206 -0.0491469703446403 1
1.2348198092713 -0.187057064427954 -0.0379926868771874 1
1.34498128091539 -0.163452221638691 -0.0260944311530518 1
1.46496901324834 -0.137737924479934 -0.0132606609314686 1
1.55041639163272 -0.119542570342241 -0.000529388207414268 1
1.73181027053965 -0.080438663682008 0.0118591828477793 1
1.58332250030886 -0.113442933950963 0.0323010286722837 1
1.4840322559613 -0.135666756453133 0.0507694064287817 1
1.37264020894669 -0.160513619926938 0.0687589944760307 1
1.25981317201257 -0.185661245230966 0.0867814772436939 1
1.15684413677445 -0.208607472660634 0.102563378366388 1
1.04193948369636 -0.234182678659989 0.119598267010677 1
0.93328577032489 -0.258347503430667 0.135075944034584 1
0.822864415579686 -0.282886163887011 0.150229271513024 1
0.712878809614024 -0.307306555788298 0.164705571484644 1
0.644872457995421 -0.322385981639238 0.173259995326213 1
0.602520119974689 -0.331661139584381 0.178463090508631 1
0.630285871653912 -0.422536732911057 -0.081442353474794 1
0.659303734622347 -0.416399890664435 -0.0793657547006369 1
0.723692889471668 -0.4027868227316 -0.0746002999620585 1
0.829931605277435 -0.380349155231526 -0.0661696991243636 1
0.938800418452157 -0.357376185482145 -0.0568948012431878 1
1.04737332638545 -0.334470811601376 -0.0470861671203509 1
1.15802570167145 -0.311168289094196 -0.036468301187733 1
1.26711520301056 -0.288199476828888 -0.0254544106147158 1
1.37671175613388 -0.265151550818242 -0.0135847056238208 1
1.49509103197826 -0.240253935844317 -0.000882863247646281 1
1.57926245020065 -0.222664308169159 0.0116905580307754 1
1.75868451498127 -0.184707477656172 0.024014245743197 1
1.61184076879881 -0.21673400478027 0.0441372123235865 1
1.513655523915 -0.238299566187116 0.0623358831152183 1
1.4035242538461 -0.262402150513461 0.0800489203454834 1
1.29188412696649 -0.286832767600215 0.0978157065910494 1
1.19002273239305 -0.309094914857296 0.11334391689229 1
1.08023506149583 -0.333079061842618 0.129598494472522 1
0.954217915841329 -0.360593329101985 0.147410317129177 1
0.867124621880471 -0.379588260683688 0.159278217803803 1
0.749101384499175 -0.405295738876232 0.174784530765457 1
0.675090548523033 -0.421411608341372 0.184033780097065 1
0.642074681388626 -0.428682834772814 0.188065870125188 1
0.681525863451186 -0.545972714896669 -0.0648500381651864 1
0.710317344880717 -0.540027214422344 -0.0627759460035926 1
0.77439230585701 -0.526804500063883 -0.0580056618178432 1
0.877647871424193 -0.505506535269387 -0.0497599497013748 1
0.983874958325423 -0.483607854439787 -0.0406849530057231 1
1.09653296589829 -0.460426062470502 -0.0304434216831228 1
1.19983238123911 -0.439153202876227 -0.0204760202514089 1
1.30864844961925 -0.416783918648004 -0.00946078833421685 1
1.41695413153167 -0.39453777049814 0.00231651529078349 1
1.53342472660708 -0.370613999912072 0.0148600981634352 1
1.61594175604472 -0.353772783387549 0.0272279650338452 1
1.79284102918599 -0.317222985193765 0.0394618329833997 1
1.6480900650002 -0.348055756216066 0.0591864932550129 1
1.55140025811284 -0.368796234133062 0.0770318784366734 1
1.44261327164762 -0.39204959108261 0.0944430759067496 1
1.33353083263054 -0.415356560243803 0.111711309047225 1
1.23406009635195 -0.436592944399133 0.126821116289345 1
1.12100270781229 -0.460718215904573 0.143429281507517 1
1.01121218006538 -0.484099907531043 0.158917190804695 1
0.895819055795538 -0.508706944765388 0.174525055546031 1
0.802836853939114 -0.528473896543274 0.186603538571315 1
0.727364466707977 -0.544526368056001 0.196015392469912 1
0.692388004009775 -0.551974377425069 0.200264110411965 1
0.735665484668993 -0.668932248304167 -0.0480419361692489 1
0.763826575398863 -0.663254446916954 -0.0460000137927628 1
0.824018535416503 -0.651119251194839 -0.0414709413311228 1
0.92426683779479 -0.630942758462896 -0.0334581572513632 1
1.03473673119315 -0.608716321134676 -0.0239262541934087 1
1.12391597409627 -0.590807801272226 -0.0158392777211823 1
1.247416339568 -0.565986180629001 -0.00394125982355868 1
1.34866693929619 -0.545675122377801 0.00639140584602096 1
1.45760131947681 -0.523835871094286 0.0182550009246822 1
1.57163976498682 -0.500974551245519 0.0305898583764304 1
1.65265091412344 -0.484837764582217 0.0427650205202074 1
1.82697175943909 -0.449686210314656 0.0549025142631725 1
1.68433913848019 -0.479336295345412 0.0742301062080658 1
1.58913805949193 -0.499265902044651 0.0917247720558974 1
1.48174855659076 -0.521667281576363 0.10882570503901 1
1.37507004573609 -0.543914158491415 0.125630151219674 1
1.27715503145111 -0.564312711896425 0.140428854400251 1
1.16528210437024 -0.587607005428772 0.15678275516296 1
1.05533182891581 -0.610483851182461 0.172190637184675 1
0.949691380809516 -0.632424091514995 0.186410681712105 1
0.849868993850929 -0.653172302556382 0.199328439711234 1
0.777261901595229 -0.668237070417468 0.208314060739477 1
0.742811234297865 -0.675415284133561 0.212472512033729 1
0.768944789294667 -0.763766803344568 -0.0358469508272808 1
0.798073161433342 -0.758004297120802 -0.0337260682000253 1
0.865033451835819 -0.744763025797714 -0.028693178658828 1
0.959889179039488 -0.726020223368309 -0.0210461088495194 1
1.06883708543897 -0.704510624234513 -0.0116413362542441 1
1.16244945874439 -0.686042019805831 -0.00310234866724303 1
1.27902562871425 -0.663065458572235 0.00817880553330917 1
1.38022627587166 -0.643130504813821 0.0185224999062123 1
1.48808412450539 -0.621910178942663 0.0303056691902081 1
1.60068867071953 -0.599753040630149 0.0425190837723641 1
1.68045296179667 -0.584158496619102 0.0545372900744355 1
1.85283297258566 -0.550041571764316 0.0666013153370738 1
1.71181179513584 -0.578813343383718 0.0856282873139915 1
1.61774156554904 -0.598141108058097 0.102858985309813 1
1.51144584732904 -0.619903563161508 0.119721887181075 1
1.40649886875458 -0.641382548238332 0.136189602834813 1
1.31031197104454 -0.661055369592302 0.150678079640446 1
1.19811507305137 -0.683979214494338 0.167009470669546 1
1.09142667158667 -0.705761183302322 0.181897961690439 1
0.985423631614037 -0.72738444205427 0.196113564764807 1
0.886985349750834 -0.747452325173045 0.208789058898616 1
0.814915049814226 -0.76213005018845 0.217666898863298 1
0.781094266342093 -0.769044853793596 0.221729049009998 1
0.790373150594823 -0.816361489199294 -0.0288140888812499 1
0.819489865580706 -0.810661542850967 -0.0266886207715452 1
0.886766380621972 -0.797494407057105 -0.0216209093505297 1
0.980117189690104 -0.779243653197735 -0.014074433400353 1
1.08828671293623 -0.75811285807955 -0.00472401502394946 1
1.1824517524417 -0.739728682658626 0.00388579852873862 1
1.29680896742275 -0.717425767489569 0.0149730408860411 1
1.397893681724 -0.697726674281861 0.0253177228702568 1
1.50516223375076 -0.67684399879088 0.0370558394745021 1
1.61695497966626 -0.65507819956463 0.0492001142008934 1
1.69602690548386 -0.639781595187016 0.0611306875107272 1
1.86731397740029 -0.606238077813898 0.0731522617663557 1
1.72719714439477 -0.634523723294915 0.0920116678533708 1
1.63377246047544 -0.653516495774571 0.10909333301513 1
1.5280561429291 -0.674931445798457 0.125828309453529 1
1.4242169320176 -0.695961424269642 0.142088608364012 1
1.32843608298315 -0.715339514167155 0.156485595747223 1
1.21670719561167 -0.737931440487354 0.172710768073048 1
1.11136475026785 -0.759210105353921 0.187376784019764 1
1.00594770000359 -0.780490356891931 0.201483933167821 1
0.907641966432327 -0.800316148650486 0.214109367210005 1
0.836229700919229 -0.81470829009743 0.222883118344482 1
0.802562690586677 -0.821518153181143 0.226915488949665 1
0.795048974791092 -0.827617121270509 -0.0273008393686167 1
0.824146409907504 -0.821933897825706 -0.0251755900621995 1
0.891386406333754 -0.808803408757928 -0.020107854986816 1
0.984460300548536 -0.790648634121426 -0.0125798127379682 1
1.09246664914093 -0.769597997729032 -0.00324039930831396 1
1.18668620509423 -0.75124494884173 0.00537851800993119 1
1.30063916411753 -0.729071543218288 0.0164309030124083 1
1.40167509323396 -0.709427566951366 0.0267734917793929 1
1.50882329392798 -0.688615920845618 0.0385025033556745 1
1.62044038515386 -0.66693406437743 0.0506317791692365 1
1.69936446373676 -0.65170099746896 0.0625436063276171 1
1.87041694655269 -0.618280095419249 0.0745560240402901 1
1.73049417504623 -0.646461801993688 0.0933795366246917 1
1.63720776138053 -0.665383003248624 0.110429300474046 1
1.53161639897196 -0.686723525355027 0.127136774503341 1
1.42801226401834 -0.707658046692162 0.143353018234665 1
1.33232530380306 -0.726971928239528 0.15772942210976 1
1.22069271262953 -0.749493449134747 0.17393244796895 1
1.11563057408942 -0.770666514854181 0.18855194816352 1
1.0103606745239 -0.791868771738401 0.202632980057448 1
0.9120661741423 -0.811646463177478 0.215250000856763 1
0.840797471632114 -0.825976966746314 0.224001106230053 1
0.807164443036614 -0.832764305057709 0.228026996787215 1
0
1
