3
3 3
43 6
0 0 0 0 0.0252508760847592 0.0505017521695184 0.0757526282542776 0.101003504339037 0.12538671682628 0.149769929313523 0.174153141800766 0.198536354288009 0.223053537417734 0.247570720547458 0.272087903677182 0.296605086806906 0.321198168757199 0.345791250707492 0.370384332657784 0.394977414608077 0.419766799719414 0.44455618483075 0.469345569942087 0.494134955053423 0.519076192265094 0.544017429476764 0.568958666688434 0.593899903900105 0.619018904153559 0.644137904407013 0.669256904660467 0.694375904913922 0.719665229081877 0.744954553249832 0.770243877417786 0.795533201585741 0.820993848141869 0.846454494697998 0.871915141254126 0.897375787810254 0.923031840857691 0.948687893905127 0.974343946952563 1 1 1 1 
0 0 0 0 0.333333333333333 0.666666666666667 1 1 1 1 
0.330170361323026 0.336326775597613 0.112348938113595 1
0.350394933633647 0.286688939906327 0.117263189196082 1
0.39084904861199 0.187426006598255 0.127089450196753 1
0.45153753393053 0.0385714900570128 0.141822593199349 1
0.512225733879819 -0.110241473866 0.156549962698039 1
0.572211023508436 -0.257307221107326 0.171103408447888 1
0.631486419148097 -0.402625864422862 0.185483596913308 1
0.690054909064026 -0.546157075775693 0.199684743271186 1
0.748613728559918 -0.689562261200273 0.213869445016683 1
0.807272495283543 -0.833061670198289 0.228057666361935 1
0.866033560598924 -0.976611869806769 0.242243251583186 1
0.924938814749363 -1.12032570220571 0.256437760685578 1
0.983922953754137 -1.26405541525028 0.270627050864392 1
1.04308889059803 -1.40806365459419 0.284837513680631 1
1.10247913533317 -1.55246549807546 0.299080957877758 1
1.16205120446505 -1.69715382964922 0.313346679540617 1
1.22170086611382 -1.84187194580746 0.327609240907543 1
1.28154384842751 -1.9868966872014 0.341895783030154 1
1.3415369990601 -2.13211831553571 0.35619530533037 1
1.40170551297253 -2.27759727032566 0.370513747266405 1
1.46191588740265 -2.42301139164982 0.384819434523736 1
1.52231647786625 -2.56871977824699 0.399147735185214 1
1.58293322100408 -2.71478503984367 0.413504817082458 1
1.64375424498834 -2.86117691732952 0.427887652151372 1
1.70464374494878 -3.00756768711209 0.442264018845368 1
1.76573397736936 -3.15427437628188 0.456665024281508 1
1.82701276876708 -3.30126577780848 0.471087539055068 1
1.88848657747594 -3.44855592817672 0.485532896720195 1
1.95001660395173 -3.59581182149229 0.499968433085954 1
2.01174815642465 -3.74338080361777 0.514428194969035 1
2.0736878726835 -3.89127739248044 0.528913565500922 1
2.135837277288 -4.03950349108054 0.543424675427849 1
2.19805798320556 -4.18772826773359 0.55792911781377 1
2.26049163904145 -4.33628838367984 0.572459817396388 1
2.32313980572493 -4.4851858030937 0.587016910273691 1
2.38599859939457 -4.63440940950115 0.601599267515811 1
2.44892272051304 -4.78361334285396 0.616173085671082 1
2.51206883668506 -4.93316809312004 0.630774545129964 1
2.57543298828534 -5.0830621470343 0.645402470971066 1
2.63901776863569 -5.23330026122829 0.660057265543625 1
2.70266398518309 -5.38350605088779 0.674702195651579 1
2.74513714406888 -5.48362511715859 0.684459238516897 1
2.76638465807269 -5.53368097429863 0.689336282090332 1
0.328072244833163 0.336725978163644 0.0794049377938029 1
0.348360903475504 0.28712023001042 0.0845132863851223 1
0.388941310368857 0.187917020408494 0.0947281784673371 1
0.449799389654411 0.0391345724414668 0.11004454393218 1
0.510623138004991 -0.109628002767394 0.125354379381337 1
0.570694728869367 -0.256669485177065 0.140481851196515 1
0.629995455833837 -0.401992959342799 0.155426705478836 1
0.6885709480579 -0.545545124139748 0.170186006598623 1
0.747158936637315 -0.688975642505278 0.184931710184491 1
0.805909405709065 -0.83249299702103 0.199687557002065 1
0.864865563965871 -0.976041831602133 0.214450183644934 1
0.924008802496638 -1.11974584133675 0.229227031406292 1
0.98321230213554 -1.26346825316463 0.243998732225642 1
1.04251796071528 -1.40748269572778 0.258788102145716 1
1.10190661961343 -1.55191531193109 0.273602747721088 1
1.16139251944885 -1.69664905692917 0.288435805862683 1
1.22092866425385 -1.84141717813368 0.303265121362748 1
1.28068779394235 -1.98648661741623 0.318123222745478 1
1.34068480360248 -2.13173747494984 0.333003047024271 1
1.40091388456827 -2.27723530925978 0.347908418690104 1
1.461209704307 -2.42266314670928 0.36280394558517 1
1.52168895907425 -2.56838537789138 0.377724019653724 1
1.58234548845882 -2.71446991457608 0.392672616300532 1
1.64318176925218 -2.86088436236038 0.407647746729115 1
1.7040765425163 -3.00729878465995 0.422617036198386 1
1.76517671513587 -3.15402808837042 0.437614054156145 1
1.82648490102989 -3.30103886545984 0.452636743623013 1
1.88800103217662 -3.44834604655968 0.46768594592959 1
1.94957955212193 -3.59561750139859 0.482727062745075 1
2.01135919012919 -3.74320153121056 0.497794997381653 1
2.07333983948323 -3.89111357832151 0.512890623551965 1
2.13552296359952 -4.03935530892864 0.528014086530738 1
2.19777007946309 -4.18759561679222 0.543131615190988 1
2.26022287492167 -4.3361709576821 0.558277529314315 1
2.32288284907886 -4.48508305140372 0.573451979864401 1
2.38574959076732 -4.63432065219236 0.588654108196124 1
2.44868130471332 -4.78353774233008 0.603848987350285 1
2.51183821687725 -4.93310471830007 0.619074654862244 1
2.57521995862166 -5.08300993240159 0.634330216449547 1
2.63882799165307 -5.23325817371569 0.649616007282954 1
2.70250188665332 -5.38347307125807 0.664893613120257 1
2.74499565369308 -5.48359755811629 0.675073503750134 1
2.76625381207128 -5.53365596975567 0.680162223266928 1
0.323876011853438 0.337524383295705 0.013516937154219 1
0.344292843159217 0.287982810218608 0.0190134807632021 1
0.385125833882592 0.188899048028971 0.0300056350085055 1
0.446323101102173 0.0402607372103749 0.0464884453978428 1
0.507417946255333 -0.108401060570182 0.0629632127479328 1
0.56766213959123 -0.255394013316544 0.0792387366937689 1
0.627013529205317 -0.400727149182673 0.0953129226098903 1
0.685603026045647 -0.54432122086786 0.111188533253497 1
0.744249352792109 -0.687802405115287 0.127056240520105 1
0.803183226560109 -0.831355650666513 0.142947338282325 1
0.862529570699767 -0.974901755192861 0.158864047768431 1
0.922148777991188 -1.11858611959882 0.174805572847721 1
0.981790998898344 -1.26229392899332 0.190742094948141 1
1.04137610094978 -1.40632077799496 0.206689279075884 1
1.10076158817397 -1.55081493964235 0.222646327407747 1
1.16007514941646 -1.69563951148905 0.238614058506815 1
1.2193842605339 -1.84050764278612 0.254576882273157 1
1.27897568497203 -1.98566647784588 0.270578102176126 1
1.33898041268722 -2.13097579377812 0.286618530412073 1
1.39933062775974 -2.27651138712804 0.302697761537501 1
1.45979733811568 -2.42196665682821 0.318772967708038 1
1.52043392149025 -2.56771657718014 0.334876588590746 1
1.58117002336829 -2.7138396640409 0.35100821473668 1
1.64203681777986 -2.86029925242209 0.3671679358846 1
1.70294213765133 -3.00676097975565 0.383323070904421 1
1.76406219066891 -3.15353551254749 0.399512113905418 1
1.82542916555552 -3.30058504076255 0.415735152758904 1
1.88702994157798 -3.4479262833256 0.43199204434838 1
1.94870544846234 -3.5952288612112 0.448244322063317 1
2.01058125753829 -3.74284298639615 0.464528602206888 1
2.0726437730827 -3.89078595000365 0.480844739654051 1
2.13489433622256 -4.03905894462484 0.497192908736515 1
2.19719427197817 -4.18733031490946 0.513536609945423 1
2.2596853466821 -4.33593610568663 0.529912953150171 1
2.32236893578673 -4.48487754802376 0.54632211904582 1
2.38525157351282 -4.63414313757478 0.562763789556748 1
2.44819847311387 -4.78338654128232 0.579200790708692 1
2.51137697726162 -4.93297796866014 0.595674874326803 1
2.57479389929428 -5.08290550313616 0.612185707406511 1
2.63844843768782 -5.23317399869048 0.628733490761614 1
2.70217768959378 -5.38340711199862 0.645276448057612 1
2.74471267294148 -5.4835424400317 0.656302034216608 1
2.76599212006846 -5.53360596066975 0.661814105620122 1
0.31758166238385 0.338721990993798 -0.0853150638051568 1
0.338190752684787 0.289276680530889 -0.0792362276696783 1
0.379402619153195 0.190372089459688 -0.067078180179742 1
0.441108668273815 0.0419499843637371 -0.0488457024036633 1
0.502610158630847 -0.106560647274364 -0.0306235372021732 1
0.563113255674024 -0.253480805525761 -0.0126259350603504 1
0.622540639262536 -0.398828433942484 0.00514224830647229 1
0.681151143027269 -0.542485365960027 0.0226923232358087 1
0.7398849770243 -0.6860425490303 0.0402430360235273 1
0.799093957836675 -0.829649631134738 0.0578370102027139 1
0.859025580800611 -0.973191640578954 0.0754848439536765 1
0.919358741233013 -1.11684653699193 0.0931733850098649 1
0.979659044042551 -1.26053244273635 0.110857139031891 1
1.03966331130153 -1.40457790139573 0.128541044471137 1
1.09904404101477 -1.54916438120924 0.146211696937735 1
1.15809909436786 -1.69412519332889 0.163881437473012 1
1.21706765495398 -1.83914333976477 0.18154452363877 1
1.27640752151656 -1.98443626849035 0.199260421322097 1
1.33642382631434 -2.12983327202053 0.217041755493776 1
1.39695574254694 -2.27542550393043 0.234881775808597 1
1.45767878882871 -2.42092192200659 0.252726500892339 1
1.51855136511425 -2.5667133761133 0.270605441996277 1
1.5794068257325 -2.71289428823813 0.288511612390902 1
1.64031939057137 -2.85942158751466 0.306448219617828 1
1.70124053035389 -3.00595427239921 0.324382122963473 1
1.76239040396845 -3.15279664881309 0.342359203529327 1
1.82384556234396 -3.29990430371662 0.36038276646274 1
1.88557330568003 -3.44729663847448 0.378451191976565 1
1.94739429297295 -3.59464590093011 0.39652021104068 1
2.00941435865193 -3.74230516917453 0.414629009444741 1
2.07159967348191 -3.89029450752686 0.43277591380718 1
2.13395139515712 -4.03861439816913 0.45096114204518 1
2.19633056075078 -4.18693236208532 0.469144102077077 1
2.25887905432275 -4.33558382769342 0.487366088903954 1
2.32159806584854 -4.48456929295382 0.50562732781795 1
2.38450454763107 -4.63387686564841 0.523928311597685 1
2.4474742257147 -4.78315973971068 0.542228495746302 1
2.51068511783817 -4.93278784420023 0.560575203523641 1
2.57415481030322 -5.08274885923802 0.578968943841957 1
2.63787910673995 -5.23304773615266 0.597409715979603 1
2.70169139400447 -5.38330817310945 0.615850700463644 1
2.74428820181408 -5.48345976290481 0.628144829916318 1
2.76559958206423 -5.53353094704087 0.634291929149912 1
0.313385429404125 0.339520396125859 -0.151203064444741 1
0.3341226923685 0.290139260739076 -0.144736033291598 1
0.37558714266693 0.191354117080166 -0.131800723638574 1
0.437632379721577 0.0430761491326452 -0.112401800938001 1
0.499404966881189 -0.105333705077152 -0.0930147038355772 1
0.560080666395886 -0.25220533366524 -0.0738690495630965 1
0.619558712634016 -0.397562623782358 -0.054971534562473 1
0.678183221015016 -0.541261462688139 -0.0363051501093169 1
0.736975393179093 -0.684869311640309 -0.017632433640858 1
0.796367778687719 -0.828512284780221 0.00109679148297343 1
0.856689587534506 -0.972051564169682 0.0198987080771735 1
0.917498716727563 -1.115686815254 0.0387519264512939 1
0.978237740805356 -1.25935811856504 0.0576005017543902 1
1.03852145153603 -1.40341598366292 0.0764422214013059 1
1.09789900957531 -1.5480640089205 0.0952552766243939 1
1.15678172433547 -1.69311564788877 0.114059690117144 1
1.21552325123403 -1.8382338044172 0.132856284549179 1
1.27469541254624 -1.98361612892 0.151715300752745 1
1.33471943539909 -2.1290715908488 0.170657238881578 1
1.3953724857384 -2.27470158179869 0.189671118655995 1
1.4562664226374 -2.42022543212552 0.208695523015207 1
1.51729632753025 -2.56604457540207 0.227758010933298 1
1.57823136064198 -2.71226403770295 0.24684721082705 1
1.63917443909905 -2.85883647757637 0.265968408773314 1
1.70010612548892 -3.00541646749491 0.285088157669508 1
1.76127587950148 -3.15230407299016 0.3042572632786 1
1.82278982686959 -3.29945047901934 0.323481175598631 1
1.88460221508139 -3.44687687524041 0.342757290395355 1
1.94652018931336 -3.59425726074272 0.362037470358922 1
2.00863642606102 -3.74194662436011 0.381362614269976 1
2.07090360708138 -3.88996687920899 0.400730029909265 1
2.13332276778015 -4.03831803386533 0.420139964250957 1
2.19575475326586 -4.18666706020255 0.439549096831512 1
2.25834152608318 -4.33534897569794 0.45900151273981 1
2.32108415255641 -4.48436378957386 0.478497466999369 1
2.38400653037657 -4.63369935103083 0.49803799295831 1
2.44699139411526 -4.78300853866292 0.517580299104709 1
2.51022387822253 -4.9326610945603 0.5371754229882 1
2.57372875097585 -5.08264442997259 0.556824434798921 1
2.63749955277471 -5.23296356112745 0.576527199458263 1
2.70136719694493 -5.38324221385001 0.596233535400999 1
2.74400522106248 -5.48340464482022 0.609373360382791 1
2.7653378900614 -5.53348093795495 0.615943811503105 1
0.311287312914262 0.33991959869189 -0.184147064764533 1
0.332088662210357 0.29057055084317 -0.177485936102559 1
0.373679404423797 0.191845130890405 -0.16416199536799 1
0.435894235445457 0.0436392315170992 -0.144179850205169 1
0.497802371006361 -0.104720233978546 -0.124210287152279 1
0.558564371756817 -0.251567597734979 -0.10449060681447 1
0.618067749319756 -0.396929718702295 -0.0850284259969457 1
0.67669926000889 -0.540649511052195 -0.0658038867818798 1
0.73552060125649 -0.684282692945314 -0.0465701684730506 1
0.795004689113241 -0.827943611602962 -0.0272733178768968 1
0.855521590901454 -0.971481525965046 -0.00789435986107807 1
0.916568704474838 -1.11510695438504 0.0115411971720084 1
0.977527089186758 -1.25877095647938 0.03097218311564 1
1.03795052165328 -1.40283502479651 0.0503928098663902 1
1.09732649385558 -1.54751382277613 0.0697770664677234 1
1.15612303931927 -1.69261087516872 0.0891488164392096 1
1.21475104937405 -1.83777903674342 0.108512165004384 1
1.27383935806109 -1.98320605913483 0.127942740468069 1
1.33386723994146 -2.12869075026294 0.147464980575479 1
1.39458085733414 -2.27433962073282 0.167065790079693 1
1.45556023954174 -2.41987718718498 0.186680034076641 1
1.51666880873825 -2.56571017504645 0.206334295401809 1
1.57764362809671 -2.71194891243536 0.226015010045124 1
1.63860196336289 -2.85854392260723 0.245728503351056 1
1.69953892305644 -3.00514756504277 0.265441175022525 1
1.760718617268 -3.1520577850787 0.285206293153237 1
1.8222619591324 -3.29922356667069 0.305030380166576 1
1.88411666978207 -3.44666699362337 0.32491033960475 1
1.94608313748356 -3.59406294064902 0.344796100018043 1
2.00824745976556 -3.74176735195291 0.364729416682594 1
2.07055557388112 -3.88980306505006 0.384707087960308 1
2.13300845409167 -4.03816985171342 0.404729375353846 1
2.1954668495234 -4.18653440926117 0.42475159420873 1
2.2580727619634 -4.3352315497002 0.444819224657737 1
2.32082719591035 -4.48426103788387 0.464932536590079 1
2.38375752174932 -4.63361059372204 0.485092833638622 1
2.44674997831553 -4.78293293813904 0.505256200783912 1
2.50999325841472 -4.93259771974033 0.525475532720479 1
2.57351572131216 -5.08259221533988 0.545752180277403 1
2.63730977579208 -5.23292147361484 0.566085941197593 1
2.70120509841516 -5.38320923422028 0.586424952869676 1
2.74386373068668 -5.48337708577792 0.599987625616028 1
2.76520704405999 -5.53345593341199 0.606769752679702 1
0
1
