3
3 3
47 8
0 0 0 0 0.00623988906863877 0.0293505893228565 0.0524612895770742 0.0755719898312919 0.0986826900855096 0.121793390339727 0.144904090593945 0.168014790848163 0.19112549110238 0.214236191356598 0.237346891610816 0.260457591865034 0.283568292119251 0.306678992373469 0.329789692627687 0.352900392881904 0.376011093136122 0.39912179339034 0.422232493644557 0.445343193898775 0.468453894152993 0.491564594407211 0.514675294661428 0.537785994915646 0.560896695169864 0.584007395424081 0.607118095678299 0.630228795932517 0.653339496186734 0.676450196440952 0.69956089669517 0.722671596949388 0.745782297203605 0.768892997457823 0.792003697712041 0.815114397966258 0.838225098220476 0.861335798474694 0.884446498728911 0.907557198983129 0.930667899237347 0.953778599491565 0.976889299745782 1 1 1 1 
0 0 0 0 0.215686274509804 0.431372549019608 0.647058823529412 0.862745098039216 1 1 1 1 
-1.07091436289288 -0.0040425717607189 0.208572891365885 1
-1.08169644615154 -0.00666663331040713 0.208246145508712 1
-1.13242133954576 -0.0190091910145046 0.206499357168209 1
-1.22316765169682 -0.0410663518767166 0.201510101005745 1
-1.34145374362018 -0.0697284645749453 0.190012609277137 1
-1.46403454403763 -0.0992985720069098 0.171364762776762 1
-1.56570912968675 -0.123529436181438 0.14404773504105 1
-1.70067195075016 -0.155610527562944 0.102305444674833 1
-1.73010855848884 -0.158974665420976 -0.0331501984099114 1
-1.60513806276269 -0.126562024356872 -0.094369832969238 1
-1.49810963085822 -0.0991809121312921 -0.133199531830445 1
-1.3753778837769 -0.0682971468479997 -0.161092685173707 1
-1.26196812507452 -0.0399912036347708 -0.180119913369832 1
-1.14300351036058 -0.0104887855063269 -0.194882050976659 1
-1.01945232948338 0.0199656648923229 -0.205605202172771 1
-0.910794920458983 0.0466243420681949 -0.212216360046128 1
-0.783862215748719 0.0776342163921394 -0.217210302392045 1
-0.656218925947968 0.108664975128309 -0.219434038810959 1
-0.546211391749451 0.135306702583133 -0.21967442334048 1
-0.42367538940703 0.164875367920307 -0.218352492356075 1
-0.304705380803811 0.193473017452532 -0.215582620161334 1
-0.183989960616365 0.222385607884495 -0.21151782734985 1
-0.0679507336646794 0.250080597805461 -0.206550211374256 1
0.0551756905757629 0.279366204511042 -0.200286195475543 1
0.17765047267701 0.30838465930056 -0.193064893314201 1
0.28332823195436 0.333346972386175 -0.18620068718882 1
0.417368604048551 0.364895685249975 -0.176644099086701 1
0.533243974545299 0.392062168202634 -0.167615001987779 1
0.653924059658781 0.420261365406029 -0.157576137865872 1
0.773372974111278 0.448069407736469 -0.146972595456104 1
0.892755438334573 0.475762601527088 -0.135715805765637 1
1.01342861126849 0.503649622203142 -0.123714493596979 1
1.12877666217822 0.530208924982263 -0.111394201916007 1
1.25986416686548 0.560284599685736 -0.0975407736486562 1
1.35407334724608 0.581754702330594 -0.0836523754345233 1
1.54969617755994 0.626545185937615 -0.0705622638074426 1
1.38915372413323 0.588904122319956 -0.0481500395599175 1
1.28235175272101 0.563627888434531 -0.0280536220650408 1
1.16008974635048 0.534701227460849 -0.00805832647424474 1
1.04535964610633 0.507472456723268 0.0105679252451585 1
0.921513744251004 0.478013595490441 0.0298423077175064 1
0.806295450482888 0.450537284744165 0.0471848207218487 1
0.686652448160944 0.421940474148883 0.0645651395128577 1
0.567979210082294 0.393506968996812 0.0811648075391003 1
0.44943841148659 0.365041360022001 0.0971122874269052 1
0.369138689422623 0.34571485408165 0.107443595652161 1
0.330170361323026 0.336326775597613 0.112348938113595 1
-1.04577017611605 -0.0445430750778705 0.212229527543721 1
-1.05655476578534 -0.0471495725199988 0.211898135008779 1
-1.10763249857217 -0.0594904662531815 0.210104227818305 1
-1.20335376379075 -0.0825779599258662 0.20470272050975 1
-1.31392427107726 -0.109183061784341 0.193796280998419 1
-1.43788375773597 -0.138850746473289 0.175060467842074 1
-1.53840320830321 -0.162603671056659 0.147956771870168 1
-1.67299188969475 -0.194317103182399 0.106390245331336 1
-1.70237302241168 -0.197554048749781 -0.0283536029548933 1
-1.57769158322811 -0.165407322743232 -0.0892869351154473 1
-1.47225785599903 -0.138589630404337 -0.127695418665838 1
-1.34600955138788 -0.10705123078114 -0.156134519530048 1
-1.24242671989177 -0.0813361568825308 -0.173554940428897 1
-1.11678902084278 -0.0503851425813013 -0.1893513745765 1
-0.99361923687275 -0.0202350455919856 -0.199859584564835 1
-0.886572569562561 0.0058755752978468 -0.206352701093207 1
-0.761237548223862 0.0363067374419127 -0.211288156892459 1
-0.630948080646771 0.06777291725471 -0.213514660155885 1
-0.524709614440498 0.0933663674926429 -0.213708428342604 1
-0.401856481302686 0.122839646573509 -0.212384498977274 1
-0.28384988413319 0.15105093612753 -0.209617641819613 1
-0.163072277538639 0.179826742323416 -0.20553975598754 1
-0.0476310841819602 0.207239306028742 -0.200578583802541 1
0.074341732438226 0.236110361579563 -0.194361912986808 1
0.196341143860659 0.264884222697819 -0.187158719293341 1
0.301558873383048 0.289634357564368 -0.180319080795953 1
0.436442186919565 0.321240808146031 -0.170682912684295 1
0.549752181819734 0.34771610328725 -0.161841297010342 1
0.670369539330143 0.375800199829291 -0.151804517048725 1
0.789078088518168 0.403348294982096 -0.141258461004386 1
0.90791769334987 0.430835438985416 -0.130047721749962 1
1.0279253392155 0.458496849518081 -0.118107686200942 1
1.1428908764545 0.484906551174715 -0.105824083132361 1
1.27324076685614 0.514754871136531 -0.0920437222402225 1
1.36687980894284 0.536054452031891 -0.078234002342252 1
1.5615358181837 0.580574141827887 -0.0652031383513978 1
1.40180520898161 0.543137711718434 -0.042907584394292 1
1.29556272081586 0.518009568867323 -0.0229185378579707 1
1.17386508621012 0.489244343492629 -0.00302063532093375 1
1.05992080584697 0.462237713240987 0.015472032445562 1
0.936780362861556 0.432995435904763 0.0346302091889661 1
0.82182770347262 0.405637199944082 0.0519237783345855 1
0.702869135862226 0.377269972000008 0.0691931421553108 1
0.584748759387439 0.349044033857066 0.0857029870200416 1
0.466856715276787 0.320818404130244 0.101550036907986 1
0.386446376478297 0.301528837078258 0.111884027860591 1
0.348142032768274 0.29230399785452 0.116704049019526 1
-0.995457772038685 -0.12581718835485 0.219551101773864 1
-1.00619703039972 -0.128376656816111 0.219213324404846 1
-1.05756399910893 -0.140614534620778 0.217353608958172 1
-1.1603496055407 -0.165060871958378 0.211366620960872 1
-1.25965484875751 -0.188554697596828 0.201292217070982 1
-1.3849039278827 -0.218068098020112 0.182585167586572 1
-1.48479585643148 -0.241239378918782 0.155440764170764 1
-1.61717087362733 -0.271888590344836 0.114681195141683 1
-1.64678277600797 -0.274937325383169 -0.0187658278380654 1
-1.52280164078832 -0.243352263170099 -0.0790539209867054 1
-1.41975487034167 -0.217464919090389 -0.116778869378164 1
-1.28958496147779 -0.185373035777491 -0.145741019072531 1
-1.19960125042931 -0.163353055281388 -0.16095372464377 1
-1.0647806300688 -0.130538557229827 -0.178139239975241 1
-0.943202039123015 -0.101179066094059 -0.188254654065697 1
-0.837776648583973 -0.0757945024518445 -0.194613939742536 1
-0.715352157502289 -0.0464477599080302 -0.1994119661858 1
-0.582561826629921 -0.0147650720629982 -0.201624400867546 1
-0.480963972318331 0.00941131793284391 -0.201749542385 1
-0.358340563520116 0.038492861061651 -0.200418524255067 1
-0.24172521114804 0.0660577779473269 -0.197646940386395 1
-0.12212562030703 0.0942594584976548 -0.193590935383802 1
-0.00662691607101898 0.12139654263972 -0.188594953710565 1
0.112729491136908 0.149374385794073 -0.182484155139332 1
0.233705354155214 0.177645884576939 -0.175326292747644 1
0.338578356794346 0.202102582180081 -0.168491775885666 1
0.472909815336431 0.233322653266904 -0.158865262621041 1
0.583318799326168 0.258928026508097 -0.150231718126298 1
0.703207180088092 0.286650009420431 -0.140244963577443 1
0.820592719650319 0.313720130090365 -0.129802617611216 1
0.938297157850891 0.34079055705964 -0.118688397129647 1
1.05698124203003 0.36800991047893 -0.106871096256816 1
1.17117308985133 0.394125526327895 -0.0946622872664362 1
1.30004331145481 0.423527846888104 -0.0810294035236923 1
1.39253846568404 0.444492519813467 -0.0673779650333892 1
1.58525363945038 0.488485941656515 -0.0544680099731218 1
1.42714870383202 0.451442877609704 -0.0324035958845344 1
1.32205340486134 0.426606901284676 -0.012632247516841 1
1.20140473182936 0.398135012578892 0.00708507427201442 1
1.08935706582538 0.371637449724262 0.0252609039042346 1
0.967313938540787 0.342745969573841 0.044237579663466 1
0.852976756441564 0.315635537021055 0.0614210183847014 1
0.735398964063751 0.287721643009926 0.0784684565540087 1
0.618354531292923 0.259897221997059 0.0948034839385658 1
0.50180705332576 0.232155250963434 0.110444828687585 1
0.428994248994018 0.214802121914011 0.119780988516824 1
0.384056655848939 0.204316512126235 0.125408963975917 1
-0.925195322702541 -0.242939401994013 0.229937056072735 1
-0.935889820197762 -0.245433503784717 0.229595650985747 1
-0.986781597920393 -0.257301543304168 0.227738730446446 1
-1.08440820185699 -0.280091315877116 0.222008653276197 1
-1.18547053311535 -0.303438727069557 0.211761209312172 1
-1.30744358294139 -0.331570917392196 0.193569453416087 1
-1.40890988357959 -0.354518894664835 0.165888888633944 1
-1.5365874084588 -0.383434835008407 0.126701635784519 1
-1.5666100048148 -0.386397474537794 -0.0050293036588559 1
-1.44425153649221 -0.35582729223917 -0.064193239151051 1
-1.34187532591498 -0.330630758489598 -0.10143437695411 1
-1.21645697884424 -0.300280691373873 -0.129303974767849 1
-1.12329120009997 -0.278008194925259 -0.145009890788713 1
-0.992518519916666 -0.246793255426745 -0.161464258343123 1
-0.874185417441031 -0.218758840965486 -0.17132645153123 1
-0.766877861513017 -0.193489545666589 -0.177727923141505 1
-0.647515044732712 -0.165422622319444 -0.182285351919451 1
-0.519950864206932 -0.135525455534942 -0.184405596232149 1
-0.41593205876591 -0.11130625189056 -0.184507288057387 1
-0.296103466970408 -0.0834116311504629 -0.183141015927287 1
-0.180619649786285 -0.0566299682050473 -0.180353797891044 1
-0.0636544874826588 -0.0295443892987125 -0.176350588221108 1
0.0529162409951374 -0.00268347649822784 -0.171256330159868 1
0.168208843531108 0.0238952859852222 -0.165301965676313 1
0.287403780690268 0.05127086792106 -0.158226465174598 1
0.393444060564164 0.0755466738266646 -0.151262145254512 1
0.521229086083272 0.104813502088464 -0.1420723712522 1
0.63316403361502 0.13031545763039 -0.133297169411386 1
0.750497320787533 0.157031265094212 -0.123482939661032 1
0.866498670217789 0.183369590997883 -0.113135117865138 1
0.98242731044726 0.209638285502312 -0.10215641239588 1
1.09926715541559 0.236050829125349 -0.0904954163526522 1
1.21248943255456 0.261576236492565 -0.0783623239948653 1
1.33924729333483 0.29011152019562 -0.0649203388735859 1
1.43006638553683 0.310424633474429 -0.0514883172083121 1
1.62008395384682 0.353272883570145 -0.038704341001242 1
1.46427265411056 0.317173708333048 -0.0170241059526291 1
1.36055424383176 0.292946464428472 0.00243965311566989 1
1.24213486731739 0.265330736318835 0.0217436554664207 1
1.12981247040412 0.239122397683385 0.0398983587253351 1
1.0124633133941 0.211671186855382 0.0580934161691837 1
0.897639851287992 0.184837470430394 0.0752922383081865 1
0.783461771219275 0.158086286973809 0.0917901302350933 1
0.666502950017446 0.130710170502741 0.108050867139532 1
0.552136934472864 0.103885225060266 0.123331622896795 1
0.48092989130501 0.0871702824383421 0.132425581628826 1
0.436010195631362 0.0768524056054943 0.138026154673366 1
-0.854932873366396 -0.360061615633177 0.240323010371607 1
-0.865582609995803 -0.362490350753324 0.239977977566648 1
-0.915999196731854 -0.373988551987558 0.238123851934719 1
-1.00846679817328 -0.395121759795854 0.232650685591522 1
-1.1112862174732 -0.418322756542286 0.222230201553361 1
-1.22998323800008 -0.44507373676428 0.204553739245601 1
-1.3330239107277 -0.467798410410888 0.176337013097125 1
-1.45600394329026 -0.494981079671978 0.138722076427354 1
-1.48643723362163 -0.497857623692419 0.00870722052035359 1
-1.3657014321961 -0.468302321308241 -0.0493325573153967 1
-1.26399578148829 -0.443796597888807 -0.0860898845300563 1
-1.14332899621069 -0.415188346970254 -0.112866930463167 1
-1.04698114977063 -0.39266333456913 -0.129066056933657 1
-0.920256409764532 -0.363047953623663 -0.144789276711005 1
-0.805168795759047 -0.336338615836912 -0.154398248996762 1
-0.695979074442061 -0.311184588881333 -0.160841906540474 1
-0.579677931963134 -0.284397484730858 -0.165158737653102 1
-0.457339901783943 -0.256285839006887 -0.167186791596751 1
-0.35090014521349 -0.232023821713964 -0.167265033729773 1
-0.2338663704207 -0.205316123362577 -0.165863507599508 1
-0.119514088424531 -0.179317714357421 -0.163060655395693 1
-0.00518335465828773 -0.15334823709508 -0.159110241058415 1
0.112459398061294 -0.126763495636176 -0.15391770660917 1
0.223688195925308 -0.101583813823628 -0.148119776213295 1
0.341102207225321 -0.0751041487348188 -0.141126637601551 1
0.448309764333983 -0.0510092345267517 -0.134032514623357 1
0.569548356830113 -0.0236956490899754 -0.125279479883359 1
0.683009267903872 0.00170288875268249 -0.116362620696474 1
0.797787461486974 0.0274125207679928 -0.106720915744621 1
0.91240462078526 0.0530190519054015 -0.0964676181190592 1
1.02655746304363 0.0784860139449847 -0.0856244276621122 1
1.14155306880115 0.104091747771767 -0.0741197364484883 1
1.25380577525779 0.129026946657234 -0.0620623607232943 1
1.37845127521486 0.156695193503137 -0.0488112742234796 1
1.46759430538962 0.176356747135391 -0.035598669383235 1
1.65491426824325 0.218059825483776 -0.0229406720293621 1
1.5013966043891 0.182904539056393 -0.0016446160207238 1
1.39905508280217 0.159286027572269 0.0175115537481808 1
1.28286500280541 0.132526460058778 0.036402236660827 1
1.17026787498287 0.106607345642509 0.0545358135464356 1
1.05761268824742 0.0805964041369235 0.0719492526749014 1
0.94230294613442 0.0540394038397325 0.0891634582316716 1
0.8315245783748 0.0284509309376915 0.105111803916178 1
0.714651368741968 0.00152311900842261 0.121298250340498 1
0.602466815619968 -0.0243848008429026 0.136218417106005 1
0.532865533616002 -0.0404615570373265 0.145070174740827 1
0.487963735413784 -0.050611700915246 0.150643345370814 1
-0.793187084555845 -0.462987197316079 0.2494500611191 1
-0.803797485878929 -0.465358488998463 0.249101840319561 1
-0.853796480535866 -0.476531680830537 0.247250170818354 1
-0.941730413117899 -0.496209119603229 0.242002774595899 1
-1.0460939400907 -0.51928144910923 0.231430225038043 1
-1.16191202577893 -0.544818638636718 0.21420659648972 1
-1.26633623761543 -0.56734707576348 0.185518698231435 1
-1.38518817086943 -0.593006567406631 0.149285493961967 1
-1.41598237408824 -0.595807451737393 0.0207787114657195 1
-1.29667255266315 -0.567144013520455 -0.0362731702477005 1
-1.1955561818406 -0.543245365845688 -0.0726053305816455 1
-1.07906501147211 -0.516167801888287 -0.0984222551651125 1
-0.979920802511507 -0.493420881528895 -0.115054809000425 1
-0.856753343267202 -0.465211173251258 -0.130135504973689 1
-0.744517825190031 -0.43966629678453 -0.139521949799806 1
-0.633674079743342 -0.414613566251866 -0.146002679830477 1
-0.520063499529263 -0.388951151698464 -0.150108076631159 1
-0.402318146927377 -0.362408600239807 -0.152055114795948 1
-0.293750887849242 -0.338108958831501 -0.152112749623688 1
-0.179173164361865 -0.312444313488374 -0.150680242705399 1
-0.0658152617732915 -0.287134218551932 -0.147863651384626 1
0.0462003681267656 -0.262145557885827 -0.143959632945745 1
0.164785202755795 -0.235803512454373 -0.138680734397951 1
0.272442778332332 -0.211853325776861 -0.133020276382157 1
0.388291733574308 -0.186160981553621 -0.126099516400995 1
0.496525079768066 -0.162225032776724 -0.118891324068707 1
0.612010746274306 -0.136627933458907 -0.11052209049862 1
0.726812655612257 -0.111320277836818 -0.101480744553067 1
0.839345463919816 -0.0864948606095938 -0.0919906523029266 1
0.952746213708188 -0.0615314218425371 -0.0818204213725052 1
1.06533850623438 -0.0367690125750909 -0.0710963198657709 1
1.17871341692785 -0.0118722934177435 -0.0597289874417988 1
1.29011407642124 0.0125442374080036 -0.0477381505755502 1
1.41290325929124 0.0394505427733785 -0.0346548234703559 1
1.50057338647237 0.0585395136859328 -0.021635039476349 1
1.68552272634922 0.0992362289836325 -0.00908775081164952 1
1.53402068190661 0.0649104206011498 0.0118706933133748 1
1.43288915341253 0.0418268557895453 0.0307565573343268 1
1.31865815217368 0.0158196718302429 0.0492840201346992 1
1.20581959415813 -0.00984527584795888 0.0673990314195239 1
1.09728941160337 -0.0345905261308128 0.0841255938465928 1
0.981552332514614 -0.0609043516490303 0.101353318164431 1
0.873761590723594 -0.0854710486091997 0.116818729272283 1
0.756963615499882 -0.11200489594113 0.132939890123165 1
0.646696105112878 -0.137106944818414 0.147543175653493 1
0.578505946555965 -0.152622870515944 0.156182089899859 1
0.533619876434701 -0.1626256127062 0.161731179620088 1
-0.754862112190675 -0.526872041119259 0.255115127100302 1
-0.765448098496042 -0.529207678254067 0.254764927545507 1
-0.81518789806939 -0.540179140112386 0.25291478253923 1
-0.90030782929042 -0.558952998104359 0.247807519495167 1
-1.00562976792225 -0.581945465185264 0.237140584442328 1
-1.11966092853822 -0.606729267385128 0.220198025124001 1
-1.22494388878713 -0.629135902534054 0.191217675211351 1
-1.34123355350478 -0.653849973586761 0.155842097948968 1
-1.37225177161924 -0.656603896730825 0.0282713610180156 1
-1.25382704122891 -0.628494029376312 -0.028167343791889 1
-1.15307643033513 -0.604972187336165 -0.0642356074412526 1
-1.03917702094472 -0.578844704940859 -0.0894565946352858 1
-0.938297138695502 -0.55596004860737 -0.106358172352212 1
-0.817337646820584 -0.528622826813213 -0.121040060447079 1
-0.706872395181676 -0.503800719441672 -0.130288384781006 1
-0.595002014068275 -0.478810862550817 -0.136792125320824 1
-0.483061438018585 -0.453846531195599 -0.140766287031332 1
-0.368166712878474 -0.428277900315413 -0.142663039540277 1
-0.258278935002467 -0.403954906007903 -0.142707883626808 1
-0.145225657152934 -0.3789376728768 -0.141256147253883 1
-0.0324849555759707 -0.354054807362318 -0.138431028205344 1
0.0780937133036953 -0.329674929411118 -0.134555807220639 1
0.197263288428244 -0.303483522893253 -0.129223303370298 1
0.302704243274623 -0.280296471127143 -0.123648173038693 1
0.41758178441161 -0.255092808820464 -0.116772337724788 1
0.526451827278876 -0.231255528242223 -0.10949334372444 1
0.638366712136219 -0.206723834101693 -0.101362331570161 1
0.754000965224358 -0.181472588133749 -0.0922437179812968 1
0.865140086119511 -0.157195993878441 -0.0828477301667024 1
0.977785823108626 -0.132631715892982 -0.0727290578746441 1
1.08940949855967 -0.108306615242724 -0.0620788736473522 1
1.2017784605927 -0.0838499741560605 -0.050796798403164 1
1.31265026335028 -0.0597553752294495 -0.0388472615183297 1
1.43428724940761 -0.0333219990588852 -0.0258680609339342 1
1.52104316093753 -0.0145884243171791 -0.0129679588444888 1
1.70452107965636 0.0254836518456127 -0.000489385917896871 1
1.55427010933127 -0.00832730809520775 0.020259506003505 1
1.45388961103276 -0.0310788370411109 0.0389775940429691 1
1.3408745897126 -0.0566190243116063 0.0572796098771026 1
1.22788617847381 -0.0821262133248008 0.0753830976855788 1
1.12191634334154 -0.106085862159063 0.0916833228497115 1
1.00591402061267 -0.132248751607573 0.108919438122696 1
0.89997766735388 -0.156181242810718 0.124085096734692 1
0.783226389349622 -0.182470560392576 0.14016573550551 1
0.674148767556752 -0.20707241349287 0.154572336131244 1
0.606834478725597 -0.222240237502673 0.163079140688223 1
0.561958170861477 -0.23215148899024 0.168613283636878 1
-0.740034626824388 -0.551507219576134 0.257302608768133 1
-0.750606461507367 -0.553828171649318 0.256951771045692 1
-0.800231805775305 -0.564719362888731 0.255102333909047 1
-0.884382911803328 -0.583174501110079 0.250043126176829 1
-0.989987097195314 -0.60611678320051 0.239348097780893 1
-1.10338564929132 -0.630626986498263 0.222501347525533 1
-1.20885462911695 -0.652957397379919 0.193453341257225 1
-1.3242954906833 -0.677344494327659 0.15836344888307 1
-1.35535885154036 -0.680078978471271 0.0311664820921943 1
-1.23727460151393 -0.652183464039021 -0.0250396013776684 1
-1.13670359064572 -0.62881631630989 -0.0609971524752687 1
-1.02365215677399 -0.603018230974805 -0.0860186515524693 1
-0.922275620122472 -0.58012276086265 -0.102990062058842 1
-0.802131968248128 -0.553110801238257 -0.117528712336924 1
-0.692220348820316 -0.528537704062389 -0.12673117274944 1
-0.580092606320337 -0.503605122854343 -0.133233482690696 1
-0.468798726990453 -0.478908957715086 -0.137159643140093 1
-0.354848261662314 -0.45367955530314 -0.139037779564578 1
-0.244604661047564 -0.429385067446759 -0.139076131942145 1
-0.132099973754432 -0.404608706415413 -0.137616893741578 1
-0.0196474800556617 -0.379903193140504 -0.134789915407526 1
0.0905342838001364 -0.355725300521044 -0.13091924662295 1
0.209715973110323 -0.329641890251328 -0.125574915062127 1
0.314415484307549 -0.306725904991793 -0.120027384170722 1
0.42889708634004 -0.281718181398269 -0.113169248729607 1
0.537986219807202 -0.257930810328876 -0.105864754799036 1
0.64870229732257 -0.233772073058638 -0.0978117796620023 1
0.764461952266835 -0.208591447311092 -0.088677771700975 1
0.875134499819009 -0.184516178103426 -0.0793119045746156 1
0.987405372713965 -0.160128852341683 -0.0692202017484609 1
1.0987308305564 -0.135963475564294 -0.0585909796793247 1
1.21069255330936 -0.111687274323623 -0.0473430000188348 1
1.32136953699643 -0.0877228811616538 -0.0354078286013858 1
1.44256148989347 -0.0614807028676353 -0.0224681144078847 1
1.52896430298264 -0.0428903735264104 -0.00961373635429569 1
1.7118783741348 -0.00307455859821877 0.00283998756849029 1
1.56210504238007 -0.0366725395133083 0.023506504241273 1
1.46201771136046 -0.059285204329972 0.0421578543602135 1
1.3494485520475 -0.0846399806275612 0.0603748727118281 1
1.23647836711333 -0.110059154528086 0.0784608475942107 1
1.13136299741359 -0.133737859770232 0.0946150159504962 1
1.01555735565422 -0.159767202397935 0.111811196034007 1
0.909249590908782 -0.18368558703281 0.127011130171955 1
0.793784494067668 -0.209596855468724 0.142900100477781 1
0.68463775179021 -0.234113738182456 0.157301849671729 1
0.617267784792455 -0.249230099867888 0.16580555830113 1
0.572903469937946 -0.259003734137928 0.171271229768177 1
0
1
