3
3 3
15 8
0 0 0 0 0.0852514919011083 0.170502983802217 0.255754475703325 0.341005967604433 0.426257459505541 0.51150895140665 0.596760443307758 0.682011935208866 0.767263427109974 0.852514919011083 0.937766410912191 1 1 1 1 
0 0 0 0 0.215686274509804 0.431372549019608 0.647058823529412 0.862745098039216 1 1 1 1 
0.330170361323026 0.336326775597613 0.112348938113595 1
0.291202033223342 0.326938697113556 0.117254280575042 1
0.21562844288579 0.308712889117007 0.126544342195919 1
0.0909854582076166 0.278593294730896 0.141066165877584 1
-0.0272303549929122 0.249971303333855 0.15394570813312 1
-0.144753105111885 0.221470859471408 0.165854549258967 1
-0.26556615863481 0.192127821134471 0.177059861656172 1
-0.387217509611163 0.162540454827685 0.187037833529898 1
-0.496362644462838 0.135968378848958 0.19486890293412 1
-0.626461827426451 0.104269349275053 0.202487246512368 1
-0.743346179402974 0.0757754350053616 0.207411163564303 1
-0.863856704338715 0.0463953899693885 0.210424561750619 1
-0.97271137164818 0.0198664665307283 0.210776948663815 1
-1.04176280445281 0.00305211316991965 0.209456315350093 1
-1.07091436289288 -0.0040425717607189 0.208572891365885 1
0.348142032768274 0.29230399785452 0.116704049019526 1
0.30988524435129 0.28314779955522 0.121512589346954 1
0.234764058447859 0.26509681019709 0.130737886798913 1
0.110000444756021 0.235065057268432 0.145258481715531 1
-0.00764651090769031 0.206700413700938 0.158052542532717 1
-0.123834059252556 0.178652009189747 0.169808340947614 1
-0.244682981098655 0.149438627039362 0.181005539108546 1
-0.366448822937345 0.119978596450605 0.190949558193665 1
-0.471638134414189 0.0944901229327374 0.198503211788027 1
-0.604581296468343 0.0622974153593013 0.20628138807373 1
-0.720010848507863 0.0343207260265042 0.21109478761636 1
-0.84005812827256 0.0052358989094524 0.214094919107586 1
-0.948800435064573 -0.0210922127975422 0.214382880407196 1
-1.01661184108429 -0.0374958782898938 0.213125514767822 1
-1.04577017611605 -0.0445430750778704 0.212229527543721 1
0.384056655848939 0.204316512126235 0.125408963975917 1
0.342588477478878 0.194198562305751 0.130635570747368 1
0.273465030426584 0.177705804504781 0.139108922724991 1
0.148040221835742 0.147752378458329 0.153676665368934 1
0.0316581231681447 0.11992774053159 0.166284986699083 1
-0.0819214293786476 0.0927610719700866 0.177744278020837 1
-0.202956651504143 0.0637815261059709 0.188928503090168 1
-0.324142811527099 0.0347632537794193 0.198754352360131 1
-0.424515716298514 0.0107107133170863 0.205950084490316 1
-0.560020994069471 -0.0217339965720757 0.213849540189479 1
-0.673454056276008 -0.048891049288619 0.218497063017599 1
-0.792019314683785 -0.077259520666588 0.221446799291649 1
-0.900751612281284 -0.103230122310486 0.221630865045704 1
-0.966421999432921 -0.118897143996625 0.220464351697505 1
-0.995457772038685 -0.12581718835485 0.219551101773864 1
0.436010195631362 0.0768524056054943 0.138026154673366 1
0.393017753738065 0.0665697292032815 0.143406694048943 1
0.325709440332033 0.0507570513039565 0.151616305216419 1
0.203534324910462 0.022034402724483 0.165728476457736 1
0.0889640290528376 -0.00489643007201569 0.178081133193782 1
-0.0252034347621806 -0.0317110409382036 0.189515001152044 1
-0.142488914966698 -0.0593177901989265 0.200263644269444 1
-0.261499077111375 -0.0873086010734559 0.209864546161532 1
-0.36443389299859 -0.111458870450725 0.21713602182068 1
-0.494116024640282 -0.141980206180496 0.224585662232891 1
-0.606259607882553 -0.168307735840994 0.229157002693163 1
-0.725692862353114 -0.196273670399726 0.231988265569896 1
-0.829922281938402 -0.220718179924749 0.232123011134998 1
-0.896280570215461 -0.236196089745073 0.230860114270889 1
-0.925195322702541 -0.242939401994013 0.229937056072735 1
0.487963735413784 -0.050611700915246 0.150643345370814 1
0.443447029997251 -0.061059103899188 0.156177817350518 1
0.377953850237483 -0.076191701896868 0.164123687707847 1
0.259028427985182 -0.103683573009363 0.177780287546539 1
0.146269934937531 -0.129720600675622 0.18987727968848 1
0.0315145598542864 -0.156183153846494 0.201285724283252 1
-0.0820211784292533 -0.182417106503824 0.211598785448719 1
-0.198855342695651 -0.209380455926331 0.220974739962933 1
-0.304352069698666 -0.233628454218537 0.228321959151044 1
-0.428211055211092 -0.262226415788916 0.235321784276304 1
-0.539065159489098 -0.28772442239337 0.239816942368727 1
-0.659366410022444 -0.315287820132864 0.242529731848142 1
-0.759092951595521 -0.338206237539012 0.242615157224291 1
-0.826139140998001 -0.35349503549352 0.241255876844273 1
-0.854932873366396 -0.360061615633177 0.240323010371607 1
0.533619876434701 -0.1626256127062 0.161731179620088 1
0.48776366670987 -0.173217775413479 0.167400925706448 1
0.423865604396817 -0.187752727436987 0.175115023836678 1
0.30779597311145 -0.214163006230016 0.188371273048819 1
0.196629670411958 -0.239414568781821 0.200243590244426 1
0.0813576460323938 -0.265567737917415 0.211629693095525 1
-0.0288828645024077 -0.290595293559643 0.221559970121416 1
-0.143804788209105 -0.316655722312191 0.230738243606589 1
-0.251552891647217 -0.34098960359025 0.238152025289848 1
-0.370294566924834 -0.367897327262983 0.244756558193242 1
-0.480015492719092 -0.392666359060609 0.249184768144223 1
-0.601079527671249 -0.419876012322591 0.251793444638117 1
-0.696848994627534 -0.441453318472757 0.251835528030034 1
-0.76449970320084 -0.456575927211853 0.25039154698452 1
-0.793187084555845 -0.462987197316079 0.2494500611191 1
0.561958170861477 -0.23215148899024 0.168613283636878 1
0.515270544669426 -0.242833502560281 0.174366992961852 1
0.452362555254335 -0.256997501910164 0.181937232468366 1
0.338065483879479 -0.282736447539387 0.194944988188166 1
0.227887437258154 -0.307500480020152 0.206677851968807 1
0.112294734005012 -0.333461617685574 0.218050087530729 1
0.00409953724528957 -0.357740375180496 0.227742774401021 1
-0.109635478527801 -0.38324037041376 0.236798349316444 1
-0.218780988029077 -0.407627558372693 0.244253445651865 1
-0.33434640178164 -0.433486168867576 0.250612624762376 1
-0.443363975413572 -0.457802733543722 0.254999280694531 1
-0.564901462763611 -0.484792821267939 0.257543335335342 1
-0.658214814440507 -0.505537713535082 0.257558516806012 1
-0.726240741809498 -0.52055717034737 0.256061962933639 1
-0.754862112190675 -0.526872041119259 0.255115127100302 1
0.572903469937946 -0.259003734137928 0.171271229768177 1
0.526669753524807 -0.269536861414062 0.176962637814694 1
0.463352383164219 -0.283728299022168 0.184571800818227 1
0.34977211534215 -0.309196880108904 0.197479699817275 1
0.239874753246383 -0.333791644718896 0.209167918209889 1
0.124523658820663 -0.359592160701895 0.220499632081413 1
0.0167617557049242 -0.383660298694111 0.230134507120542 1
-0.096467767977542 -0.408931487838094 0.239136509447903 1
-0.205989314272213 -0.433298973523993 0.246597578908294 1
-0.320491298542561 -0.458790622599176 0.252873316995852 1
-0.429289997284744 -0.482942245889868 0.257243073594361 1
-0.550833389260326 -0.509809024276594 0.259760295163689 1
-0.643339886323466 -0.530265452753861 0.259765475417274 1
-0.711451518237076 -0.545232052859748 0.258251170017694 1
-0.740034626824388 -0.551507219576134 0.257302608768133 1
0
1
