3
3 3
9 6
0 0 0 0 0.166666666666667 0.333333333333333 0.5 0.666666666666667 0.833333333333333 1 1 1 1 
0 0 0 0 0.333333333333333 0.666666666666667 1 1 1 1 
1.0430550208309 -1.40795591548476 0.284825909248435 1
0.980352805634069 -1.41902668970884 0.292095735039339 1
0.854874148072156 -1.44125346932375 0.305935634895873 1
0.666403156406996 -1.47467495871438 0.324075602132172 1
0.477648835602012 -1.5080033945413 0.339075059447294 1
0.288589611458776 -1.54125564344613 0.349939148294137 1
0.0992039097788609 -1.57444857207045 0.355673010125601 1
-0.0270617401996392 -1.59644675254422 0.354311382067557 1
-0.0901444100287208 -1.60739051018997 0.351893504568256 1
1.04246045656364 -1.40737902932961 0.258774522182867 1
0.979705926145076 -1.41843060102915 0.264708769878616 1
0.854122464445994 -1.44061327888899 0.276037354082511 1
0.665508810918286 -1.47396992249471 0.291001293373722 1
0.476641438018253 -1.50725321635008 0.303527092198475 1
0.28749166881682 -1.54048294421249 0.312844755827454 1
0.0980308263849122 -1.57367888983929 0.318184289531346 1
-0.0282581242759954 -1.59570411772471 0.317718732808949 1
-0.0913416152545209 -1.60666966077379 0.31613635317277 1
1.04127132802912 -1.40622525701931 0.206671748051733 1
0.978412167167088 -1.41723842366976 0.20993483955717 1
0.85261909719367 -1.43933289801946 0.216240792455789 1
0.663720119940864 -1.47255985005536 0.224852675856822 1
0.474626642850734 -1.50575285996765 0.232431157700836 1
0.285295783532908 -1.53893754574522 0.238655970894088 1
0.095684659597015 -1.57213952537697 0.243206848342836 1
-0.0306508924287076 -1.59421884808568 0.244533434291733 1
-0.0937360257061211 -1.60522796194144 0.244622050381798 1
1.03948763522735 -1.40449459855386 0.128517586855031 1
0.976471528700107 -1.41545015763068 0.127773944075001 1
0.850364046315184 -1.43741232671516 0.126545950015704 1
0.66103708347473 -1.47044474139634 0.125629749581473 1
0.471604450099455 -1.50350232539399 0.125787255954378 1
0.28200195560704 -1.5366194480443 0.127372793494038 1
0.0921654094151691 -1.56983047868349 0.130740686560071 1
-0.034240044657776 -1.59199094362714 0.134755486515909 1
-0.0973276413835214 -1.60306541369292 0.13735059619534 1
1.03829850669283 -1.40334082624355 0.0764148127238963 1
0.975177769722119 -1.4142579802713 0.0730000137535546 1
0.848860679062859 -1.43613194584563 0.0667493883889811 1
0.659248392497308 -1.46903466895699 0.0594811320645729 1
0.469589654931935 -1.50200196901155 0.0546913214567388 1
0.279806070323127 -1.53507404957703 0.053184008560671 1
0.0898192426272719 -1.56829111422117 0.0557632453715614 1
-0.0366328128104881 -1.59050567398811 0.0615701879986928 1
-0.0997220518351215 -1.60162371486057 0.0658362934043677 1
1.03770394242557 -1.4027639400884 0.050363425658329 1
0.974530890233125 -1.4136618915916 0.0456130485928315 1
0.848108995436697 -1.43549175541086 0.0368511075756197 1
0.658354047008597 -1.46832963273732 0.026406823306123 1
0.468582257348175 -1.50125179082033 0.0191433542079194 1
0.278708127681171 -1.53430135034339 0.0160896160939877 1
0.0886461592333232 -1.56752143199001 0.0182745247773065 1
-0.0378291968868443 -1.5897630391686 0.0249775387400848 1
-0.100919257060922 -1.60090286544439 0.0300791420088817 1
0
1
