3
3 3
9 6
0 0 0 0 0.166666666666667 0.333333333333333 0.5 0.666666666666667 0.833333333333333 1 1 1 1 
0 0 0 0 0.333333333333333 0.666666666666667 1 1 1 1 
1.52220879918264 -2.56843278528647 0.399118469041338 1
1.46986706660383 -2.57523816279497 0.404829071258637 1
1.36513424223726 -2.58893487408064 0.415649442690164 1
1.20782126455334 -2.60957225821094 0.42969157140611 1
1.05022888222808 -2.63013640793885 0.441159342268581 1
0.892426248739923 -2.65063979232941 0.449184217831161 1
0.734482517567293 -2.67109488044767 0.452897660647434 1
0.629225448578569 -2.68464843453126 0.451169390977984 1
0.576639806261466 -2.69139167528748 0.448921879160827 1
1.52157465995034 -2.56809925070101 0.377693305277688 1
1.46921998952479 -2.57489177689283 0.382311228737781 1
1.36446013144812 -2.58855556539525 0.391079629722722 1
1.20711673588411 -2.60914000320506 0.402532663161858 1
1.04951767509878 -2.62966574277091 0.411988898330172 1
0.891721215855652 -2.65014614701853 0.418768357138691 1
0.733785624918243 -2.67059457887366 0.422191061498446 1
0.62854842015769 -2.68415958857336 0.421208458704335 1
0.575979600991988 -2.69091378305345 0.419644413531766 1
1.52030638148574 -2.5674321815301 0.334842977750389 1
1.46792583536671 -2.57419900508857 0.337275543696068 1
1.36311190986984 -2.58779694802448 0.341940003787839 1
1.20570767854566 -2.60827549319329 0.348214846673355 1
1.04809526084018 -2.62872441243502 0.353648010453353 1
0.890311150087112 -2.64915885639678 0.357936635753751 1
0.732391839620142 -2.66959397572562 0.360777863200469 1
0.627194363315934 -2.68318189665757 0.361286594157036 1
0.574659190453032 -2.68995799858538 0.361089482273644 1
1.51840396378884 -2.56643157777374 0.270567486459441 1
1.4659846041296 -2.57315984738217 0.2697220161335 1
1.36108957750241 -2.58665902196833 0.268230564885515 1
1.20359409253797 -2.60697872817563 0.2667381219406 1
1.04596163945228 -2.6273124169312 0.266136678638124 1
0.888196051434302 -2.64767792046414 0.266689053676341 1
0.730301161672991 -2.66809307100356 0.268658065753505 1
0.625163278053298 -2.68171535878387 0.271403797336089 1
0.572678574644597 -2.68852432188329 0.273257085386461 1
1.51713568532424 -2.56576450860282 0.227717158932142 1
1.46469044997152 -2.5724670755779 0.224686331091788 1
1.35974135592413 -2.58590040459756 0.219090938950632 1
1.20218503519952 -2.60611421816386 0.212420305452097 1
1.04453922519368 -2.62637108659531 0.207795790761305 1
0.886785985665761 -2.64669062984238 0.205857332291401 1
0.728907376374891 -2.66709246785552 0.207244867455529 1
0.623809221211542 -2.68073766686807 0.211481932788791 1
0.571358164105641 -2.68756853741522 0.214702154128339 1
1.51650154609194 -2.56543097401737 0.206291995168492 1
1.46404337289248 -2.57212068967577 0.202168488570932 1
1.35906724513499 -2.58552109591218 0.19452112598319 1
1.20148050653029 -2.60568196315797 0.185261397207845 1
1.04382801806438 -2.62590042142737 0.178625346822896 1
0.886080952781491 -2.6461969845315 0.175441471598931 1
0.728210483725841 -2.6665921662815 0.17653826830654 1
0.623132192790663 -2.68024882091017 0.181521000515142 1
0.570697958836163 -2.68709064518119 0.185424688499278 1
0
1
