3
3 3
9 15
0.000000000000000000 0.000000000000000000 0.000000000000000000 0.000000000000000000 0.078431372549019496 0.294117647058822984 0.509803921568626972 0.725490196078431016 0.941176470588234948 1.000000000000000000 1.000000000000000000 1.000000000000000000 1.000000000000000000
0.000000000000000000 0.000000000000000000 0.000000000000000000 0.000000000000000000 0.085251491901108298 0.170502983802217012 0.255754475703324990 0.341005967604433025 0.426257459505541003 0.511508951406649981 0.596760443307758015 0.682011935208866049 0.767263427109973972 0.852514919011083006 0.937766410912191040 1.000000000000000000 1.000000000000000000 1.000000000000000000 1.000000000000000000
0.576475792348060567 -0.253736672908529248 0.210737352063411876 1.000000000000000000
0.582789708993252886 -0.268981312910726744 0.212186846474686525 1.000000000000000000
0.606131776294849600 -0.326140563489027868 0.217937120220325131 1.000000000000000000
0.645730324444016124 -0.423310639375059083 0.227576586250879564 1.000000000000000000
0.696016037240695606 -0.546370081794780527 0.239786003713560542 1.000000000000000000
0.746308545972821147 -0.669924549770719913 0.251995708671766794 1.000000000000000000
0.785007550725536629 -0.763603433129472209 0.261129557775807375 1.000000000000000000
0.806361767809793406 -0.815904462161102018 0.266398295437388022 1.000000000000000000
0.810938685439861584 -0.827877309857653176 0.267513588508920430 1.000000000000000000
0.530474251913863770 -0.264276525950597585 0.216489828271398649 1.000000000000000000
0.536802145912415818 -0.279579190111029996 0.217945994189484127 1.000000000000000000
0.562156270342915376 -0.336187913334257127 0.223316076297686600 1.000000000000000000
0.614391578300164443 -0.429931406159253238 0.231372803943772853 1.000000000000000000
0.659789916698342638 -0.554218373830374311 0.244193881367148841 1.000000000000000000
0.712514877474384911 -0.676782921812161153 0.256036351264397888 1.000000000000000000
0.751138082417394548 -0.770510100701579104 0.265306187202051125 1.000000000000000000
0.772597236747817884 -0.822777978822044842 0.270438375496646233 1.000000000000000000
0.777490847284694087 -0.833944804013682206 0.271527362927375782 1.000000000000000000
0.466801529667266846 -0.278515886368393473 0.224086127598497886 1.000000000000000000
0.473136774774004898 -0.293796980080489989 0.225538849933883678 1.000000000000000000
0.496560653241563454 -0.350662149452329375 0.231152636106529558 1.000000000000000000
0.536105045895624577 -0.447104200531464102 0.240675540549414396 1.000000000000000000
0.588827119186753900 -0.569432807155357934 0.252519306769810215 1.000000000000000000
0.640108441628147395 -0.691977237023462477 0.264479293906191737 1.000000000000000000
0.680126867734124896 -0.784740754087011827 0.273512933082973031 1.000000000000000000
0.702144420063602226 -0.836993914553933904 0.278636978848421979 1.000000000000000000
0.706531211906208600 -0.848317667583717072 0.279748663037980794 1.000000000000000000
0.353046153467215129 -0.303866712676270190 0.237039596332744795 1.000000000000000000
0.359641709379812824 -0.319050182413404437 0.238510276260604892 1.000000000000000000
0.384547393648515090 -0.375682817741308961 0.243880054460617446 1.000000000000000000
0.427253710374230489 -0.470882676062885530 0.252912768872256666 1.000000000000000000
0.480463567592797347 -0.592456067000700748 0.264631411208122613 1.000000000000000000
0.533942645781733782 -0.714042894081283297 0.276349805488946276 1.000000000000000000
0.574957356884897686 -0.806292724319425447 0.285134283000928912 1.000000000000000000
0.597865807397751525 -0.858063017510120818 0.290266144077108823 1.000000000000000000
0.602859284310384935 -0.869658223542038034 0.291280207173146677 1.000000000000000000
0.242813515007401448 -0.328897494382828448 0.248824888908163067 1.000000000000000000
0.249612467574395563 -0.343830373298280478 0.250144934828254228 1.000000000000000000
0.275118443703903148 -0.399953580332500780 0.255512795335754217 1.000000000000000000
0.317123826450867230 -0.494692391556038058 0.264546597919999127 1.000000000000000000
0.372781503147862292 -0.615533010035643979 0.275898455358742301 1.000000000000000000
0.427708727150723278 -0.736111272507449566 0.287369892102979196 1.000000000000000000
0.469696204715854715 -0.827968130853180440 0.296166984759550500 1.000000000000000000
0.493115663631699119 -0.879250174793288597 0.300808565572630582 1.000000000000000000
0.498142832379122713 -0.889942958268958195 0.301964405499591582 1.000000000000000000
0.127078764480726747 -0.354524918110266207 0.260050134562721691 1.000000000000000000
0.134084228820853218 -0.369571644049348169 0.261531403661670325 1.000000000000000000
0.160567012215879407 -0.425262030842646355 0.266662058024618509 1.000000000000000000
0.208915578256747891 -0.518494668399711811 0.275080715948211874 1.000000000000000000
0.264349204167670049 -0.638592256273905257 0.286429896285692320 1.000000000000000000
0.321187949447014010 -0.758272014003603223 0.297669732983643409 1.000000000000000000
0.364895357157818567 -0.849093753823757846 0.305970283850312108 1.000000000000000000
0.388837649102500682 -0.900310483471846945 0.310845432239976960 1.000000000000000000
0.393959574954739156 -0.911172622222346629 0.311837171979802374 1.000000000000000000
0.019056532835342949 -0.378849486509541478 0.269759214689776872 1.000000000000000000
0.026281690058476605 -0.393681227448534399 0.271096053066751275 1.000000000000000000
0.053212672437996614 -0.449057998614720399 0.276217851122939007 1.000000000000000000
0.097867120312918568 -0.542555835884761972 0.285005525342455823 1.000000000000000000
0.156455415132246423 -0.661269146311916356 0.295999513155608851 1.000000000000000000
0.215012727333806136 -0.780413295917009919 0.306744201337788736 1.000000000000000000
0.258393465333851324 -0.870676830392470014 0.315278252744279841 1.000000000000000000
0.283302022727784431 -0.921521342524477260 0.319924192066390667 1.000000000000000000
0.288677004698031203 -0.932255943754663030 0.320899620010223596 1.000000000000000000
-0.094593874519218871 -0.404313943109438079 0.278822269911121856 1.000000000000000000
-0.087014131304648898 -0.418984463699091869 0.280167061376257021 1.000000000000000000
-0.058965440282915359 -0.473916807656821648 0.285171879121226490 1.000000000000000000
-0.011825803561946964 -0.566219187348109498 0.293597571264045953 1.000000000000000000
0.048180422991556518 -0.684421533985920649 0.304346274697432362 1.000000000000000000
0.107262925127280029 -0.802521587400941039 0.315078162293684905 1.000000000000000000
0.156508417417263568 -0.891382067224437802 0.323137384180519627 1.000000000000000000
0.182039664587103078 -0.941689106363499007 0.327776822378620880 1.000000000000000000
0.187503310743396434 -0.952483704624002780 0.328760798886969685 1.000000000000000000
-0.204457439727454837 -0.428982615782961541 0.286315558886348520 1.000000000000000000
-0.197272030322762415 -0.443617489381762875 0.287657457171350106 1.000000000000000000
-0.169801416294454083 -0.498068209485263869 0.292662974574598556 1.000000000000000000
-0.121532322709477225 -0.589916063144008573 0.300969690163920722 1.000000000000000000
-0.061021569951534613 -0.707570659711689753 0.311465631797373799 1.000000000000000000
0.004072875197879369 -0.823745792344976580 0.321959243378693860 1.000000000000000000
0.037814717892430814 -0.915565726088742871 0.330751714379007689 1.000000000000000000
0.063425978602565283 -0.965976139214039908 0.335402831464750584 1.000000000000000000
0.069275363779140703 -0.977398455559102874 0.336196476072556649 1.000000000000000000
-0.319519492558592633 -0.454788444399011393 0.292720486434854599 1.000000000000000000
-0.311506254928236581 -0.469061197833258781 0.293929013765325875 1.000000000000000000
-0.281961098109447472 -0.523250320245960077 0.298810684893580591 1.000000000000000000
-0.232417010794590512 -0.614076532649073248 0.306868341727421057 1.000000000000000000
-0.170154664988586030 -0.730755317190556752 0.317364122961927342 1.000000000000000000
-0.103457598167596226 -0.846042178484536112 0.327625215646293932 1.000000000000000000
-0.053076464635262700 -0.934439931646117494 0.335439709931180940 1.000000000000000000
-0.026182678851981812 -0.983745148794451851 0.339833274101934923 1.000000000000000000
-0.020410530997290243 -0.994418959531990776 0.340802015223105104 1.000000000000000000
-0.428812401554194922 -0.479317280879408336 0.297160654572352689 1.000000000000000000
-0.420793468982696317 -0.493540723805020509 0.298364980762780285 1.000000000000000000
-0.390997665581508669 -0.547011668602905843 0.303248091373650497 1.000000000000000000
-0.341195386728935734 -0.637887323717861943 0.311309953877514312 1.000000000000000000
-0.272588200249183010 -0.752139217436791463 0.321319133950134062 1.000000000000000000
-0.225234339771279157 -0.871243690088096323 0.332058012103492062 1.000000000000000000
-0.172117091425530833 -0.958111596066118287 0.339865980628547060 1.000000000000000000
-0.143542684745877114 -1.006931917611110894 0.344259672586764043 1.000000000000000000
-0.137483597781075273 -1.017675516919186895 0.345236767401397748 1.000000000000000000
-0.551053353470780105 -0.506479452314424816 0.299629481170493206 1.000000000000000000
-0.543266938717556047 -0.520507911548526048 0.300838922145872323 1.000000000000000000
-0.513016105753942298 -0.574285035173638492 0.305727180076184435 1.000000000000000000
-0.460745449987398858 -0.663630196482328460 0.313539002096265063 1.000000000000000000
-0.393599602370727164 -0.777876980008956664 0.323792029196705355 1.000000000000000000
-0.321129437979206400 -0.891184926938989319 0.333803738293371399 1.000000000000000000
-0.270643748713677468 -0.978082317007173851 0.341614377867727470 1.000000000000000000
-0.242036966369895329 -1.027039671794942599 0.346019983332875369 1.000000000000000000
-0.235685151862598419 -1.038416221771584436 0.346799654608279773 1.000000000000000000
-0.644544541742094523 -0.527450791915400341 0.299653628967147145 1.000000000000000000
-0.635772090492893849 -0.541550269529098904 0.300869576095153801 1.000000000000000000
-0.604090349571378193 -0.594226423540577975 0.305502529141167267 1.000000000000000000
-0.551353097123268188 -0.683110207804403680 0.313560467142624533 1.000000000000000000
-0.483711340380364452 -0.796875340249114661 0.323570300678501344 1.000000000000000000
-0.417037387866561582 -0.911129873418824898 0.333824576560159181 1.000000000000000000
-0.365518429448256854 -0.998041858166555995 0.341392918186327443 1.000000000000000000
-0.336735436634548968 -1.045798776738811275 0.345779710797742501 1.000000000000000000
-0.330368467045252356 -1.056547816138657225 0.346757293381703635 1.000000000000000000
-0.712981331503714011 -0.542884312273672287 0.298190634290784962 1.000000000000000000
-0.704691428142914855 -0.556995398010894149 0.299407774228117152 1.000000000000000000
-0.672952545235725896 -0.609244791159927135 0.304046682587161887 1.000000000000000000
-0.619343393111356777 -0.698123973034176282 0.311855828296252635 1.000000000000000000
-0.550414498229258142 -0.810866529564314931 0.322109781377770299 1.000000000000000000
-0.481677174914383388 -0.924223734414224452 0.332119904148808820 1.000000000000000000
-0.429101978507889559 -1.010063503988268607 0.339929598739516392 1.000000000000000000
-0.399549888300401335 -1.059013594191676511 0.344332437373345401 1.000000000000000000
-0.393203057036404902 -1.069336020382433139 0.345095962133068090 1.000000000000000000
-0.742056106132600646 -0.548961315099034453 0.297215990255925044 1.000000000000000000
-0.733309835617442896 -0.563065579241041281 0.298431442727092933 1.000000000000000000
-0.701612628554116213 -0.615798565681586307 0.303068091035494536 1.000000000000000000
-0.647873523829104792 -0.704114746881126297 0.310878157323160265 1.000000000000000000
-0.578106735079337297 -0.816952689902276985 0.321132031635328385 1.000000000000000000
-0.508800582994354378 -0.930257732863239428 0.331141755819805761 1.000000000000000000
-0.455639645684396521 -1.016168691170112215 0.338949588362274790 1.000000000000000000
-0.425995527589795919 -1.064094154637973633 0.343353577623158490 1.000000000000000000
-0.419581531491507786 -1.075523630648055784 0.344123044254917465 1.000000000000000000
1
