3
3 3
9 6
0 0 0 0 0.166666666666667 0.333333333333333 0.5 0.666666666666667 0.833333333333333 1 1 1 1 
0 0 0 0 0.333333333333333 0.666666666666667 1 1 1 1 
2.26036318168148 -4.33595409392369 0.572426029338309 1
2.22493110216317 -4.33810973656144 0.575925420019147 1
2.15403002535268 -4.34252614976816 0.582519018360518 1
2.04755915680556 -4.34926784364522 0.59093931182741 1
1.9409605349173 -4.35592830186253 0.597634946264894 1
1.83423905582929 -4.36254907316372 0.602043236736381 1
1.7273996156829 -4.36917170629238 0.603601498305281 1
1.65621632533092 -4.37356225185051 0.601884481702989 1
1.6206658418708 -4.37574494272783 0.600123049394828 1
2.26009315488416 -4.33583653689912 0.558242480306955 1
2.22465240682594 -4.33799361831102 0.561020981382249 1
2.15373311833107 -4.34240200160131 0.566262802838424 1
2.04723783722411 -4.34912085106531 0.572983518295021 1
1.94062323652312 -4.35576958818696 0.57836574237952 1
1.83388857289126 -4.36238606836049 0.581969082866165 1
1.7270331029917 -4.36900814698014 0.583353147529203 1
1.65584324331773 -4.37340332753383 0.58213946982749 1
1.62029200798823 -4.37559021547329 0.580834316542033 1
2.2595531012895 -4.33560142284997 0.529875382244247 1
2.22409501615147 -4.33776138181017 0.531212104108451 1
2.15313930428785 -4.3421537052676 0.533750371794237 1
2.0465951980612 -4.34882686590549 0.537071931230244 1
1.93994863973475 -4.35545216083581 0.539827334608772 1
1.83318760701521 -4.36206005875404 0.541820775125734 1
1.72630007760929 -4.36868102835567 0.542856445977045 1
1.65509707929135 -4.37308547890049 0.542649446076491 1
1.61954434022311 -4.3752807609642 0.542256850836441 1
2.25874302089751 -4.33524875177626 0.487324735150186 1
2.22325893013976 -4.33741302705891 0.486498788197755 1
2.15224858322303 -4.34178126076704 0.484981725227957 1
2.04563123931685 -4.34838588816576 0.483204550633079 1
1.9389367445522 -4.35497601980909 0.48201972295265 1
1.83213615820113 -4.36157104434437 0.481598313515088 1
1.72520053953568 -4.36819035041896 0.48211139364881 1
1.65397783325178 -4.37260870595047 0.483414410449993 1
1.61842283857542 -4.37481657920058 0.484390652278054 1
2.25820296730285 -4.3350136377271 0.458957637087478 1
2.22270153946529 -4.33718079055806 0.456689910923957 1
2.15165476917982 -4.34153296443332 0.45246929418377 1
2.04498860015395 -4.34809190300594 0.447292963568302 1
1.93826214776383 -4.35465859245794 0.443481315181902 1
1.83143519232507 -4.36124503473793 0.441450005774657 1
1.72446751415327 -4.36786323179448 0.441614692096652 1
1.6532316692254 -4.37229085731713 0.443924386698993 1
1.6176751708103 -4.37450712469149 0.445813186572463 1
2.25793294050552 -4.33489608070253 0.444774088056124 1
2.22242284412806 -4.33706467230764 0.441785472287059 1
2.15135786215821 -4.34140881626647 0.436213078661676 1
2.04466728057249 -4.34794491042603 0.429337170035913 1
1.93792484936964 -4.35449987878237 0.424212111296528 1
1.83108470938704 -4.3610820299347 0.421375851904441 1
1.72410100146207 -4.36769967248224 0.421366341320574 1
1.65285858721221 -4.37213193300045 0.424179374823494 1
1.61730133692773 -4.37435239743695 0.426524453719667 1
0
1
