3
3 3
9 16
0.000000000000000000 0.000000000000000000 0.000000000000000000 0.000000000000000000 0.078431372549019496 0.294117647058822984 0.509803921568626972 0.725490196078431016 0.941176470588234948 1.000000000000000000 1.000000000000000000 1.000000000000000000 1.000000000000000000
0.000000000000000000 0.000000000000000000 0.000000000000000000 0.000000000000000000 0.023017902813299199 0.108269394714406997 0.193520886615516002 0.278772378516624009 0.364023870417731987 0.449275362318841021 0.534526854219949055 0.619778346121056978 0.705029838022165012 0.790281329923274045 0.875532821824381968 0.960784313725490002 1.000000000000000000 1.000000000000000000 1.000000000000000000 1.000000000000000000
-0.742602149628662001 -0.549301140293642409 0.297205531170114667 1.000000000000000000
-0.732940534850249681 -0.562840683819606613 0.298433032510454055 1.000000000000000000
-0.701207185721974824 -0.615552580358529111 0.303070053828389918 1.000000000000000000
-0.647568112386135208 -0.703927628282465578 0.310879533316398005 1.000000000000000000
-0.577631168340479118 -0.816659648581234521 0.321133680128214416 1.000000000000000000
-0.508359235855428415 -0.929986233626124426 0.331144068851130069 1.000000000000000000
-0.455148122769742203 -1.015865476778173182 0.338952240640073510 1.000000000000000000
-0.426525656824774779 -1.064418548796478792 0.343341976066401600 1.000000000000000000
-0.419135872980412993 -1.075259834733932607 0.344129677232567432 1.000000000000000000
-0.752602497056449993 -0.550827915945749980 0.296675845610354427 1.000000000000000000
-0.744182421516886738 -0.565427628558718975 0.298176209348021248 1.000000000000000000
-0.712400216566642097 -0.618275896872680253 0.302823869911357291 1.000000000000000000
-0.658094356543015069 -0.706534197581765944 0.310634217097365106 1.000000000000000000
-0.588441041383878427 -0.818954633278808020 0.320886796761225557 1.000000000000000000
-0.518471660292372349 -0.932157039054341441 0.330898940377779782 1.000000000000000000
-0.465415282981366418 -1.018205396709202848 0.338709850781794330 1.000000000000000000
-0.435635020294147080 -1.066128142133083712 0.342864037001557487 1.000000000000000000
-0.429167837005930031 -1.076612031463908714 0.343831250685548317 1.000000000000000000
-0.802762932404966434 -0.562968169603135671 0.295001827628609603 1.000000000000000000
-0.794056518814663215 -0.576637818389557633 0.296217215008302504 1.000000000000000000
-0.762290862889425824 -0.628812790379623121 0.300854042694478963 1.000000000000000000
-0.707542808290080982 -0.717195752969652101 0.308914680708524847 1.000000000000000000
-0.636345991000159983 -0.829564066948458967 0.318921846031831879 1.000000000000000000
-0.565491484400334588 -0.941836623346579249 0.329177553840645232 1.000000000000000000
-0.511308975626140416 -1.027310198073057013 0.336746081658573782 1.000000000000000000
-0.481243389696747126 -1.075046773623173246 0.341136994430130736 1.000000000000000000
-0.474635500195769611 -1.085781596159571150 0.342114167266466485 1.000000000000000000
-0.887849998136625018 -0.581793016442740729 0.289821607340399967 1.000000000000000000
-0.879090594860581054 -0.595829653051034858 0.291035678294412403 1.000000000000000000
-0.844912936270214909 -0.647558506739762563 0.295917323222498474 1.000000000000000000
-0.788773097282345903 -0.734547660132489399 0.303975337741923701 1.000000000000000000
-0.716962933234536970 -0.846348493019488557 0.313987562717395918 1.000000000000000000
-0.645220077172522055 -0.958147112617059316 0.324237761435361482 1.000000000000000000
-0.590555323421244616 -1.043610470365541998 0.332048655823693251 1.000000000000000000
-0.559809798591687002 -1.091418824595671522 0.336440255853224179 1.000000000000000000
-0.553509627881197175 -1.100966616873096493 0.337404417132458889 1.000000000000000000
-0.994782656773546048 -0.605661789079688262 0.279060430502403645 1.000000000000000000
-0.986009588331217990 -0.619732737992236160 0.280278336195257993 1.000000000000000000
-0.952807273849005543 -0.670993293336665575 0.285038887177359368 1.000000000000000000
-0.896191854346105710 -0.757950494521950402 0.293092713796637205 1.000000000000000000
-0.823424431503760657 -0.868794608921153788 0.303348385374362484 1.000000000000000000
-0.750680646605359270 -0.980186346130178521 0.313601502009562549 1.000000000000000000
-0.695014322693756292 -1.065154396421351457 0.321170200580301546 1.000000000000000000
-0.664290259869135813 -1.111941453252702328 0.325559191293598671 1.000000000000000000
-0.657463370567379912 -1.122698498452515459 0.326534720368988174 1.000000000000000000
-1.111334080670929980 -0.632659126573072772 0.261721328667706865 1.000000000000000000
-1.101648345154992770 -0.645645489506590176 0.263056642646961492 1.000000000000000000
-1.067476823741113634 -0.696931734207310694 0.267937120826391761 1.000000000000000000
-1.008908138085074402 -0.782913637466867374 0.276108904427371349 1.000000000000000000
-0.934715009646049699 -0.893265660732937117 0.286479664609811779 1.000000000000000000
-0.860020408564832528 -1.003601507409021210 0.296975848629762285 1.000000000000000000
-0.803339338102346368 -1.087565589310709457 0.305041546733749225 1.000000000000000000
-0.771617587987934672 -1.134508619235260696 0.309429841264578398 1.000000000000000000
-0.764789073057375424 -1.144228658846842439 0.310406844808204907 1.000000000000000000
-1.219329935562212697 -0.656792812475961996 0.231916866329234805 1.000000000000000000
-1.209651157451606007 -0.669974055598243079 0.233161515804431063 1.000000000000000000
-1.175509728516476393 -0.720701072387433195 0.238038786106310296 1.000000000000000000
-1.115915950740984819 -0.806182072829636942 0.246587253710067650 1.000000000000000000
-1.039726108074061406 -0.915529744515039656 0.257458827935148404 1.000000000000000000
-0.964042751242012330 -1.024877305761332735 0.268325451567867523 1.000000000000000000
-0.906475520474257390 -1.107948533438244620 0.276607005221411573 1.000000000000000000
-0.873726982339495750 -1.154788171661328633 0.281258006830771456 1.000000000000000000
-0.866941982729559357 -1.165290912418998071 0.282241253466633479 1.000000000000000000
-1.350165043546962096 -0.692981406612200646 0.184386465049478171 1.000000000000000000
-1.340321798429310762 -0.706814016160488001 0.185830918689179031 1.000000000000000000
-1.304278256195809949 -0.756595960176224436 0.191126944595513160 1.000000000000000000
-1.243750990441856663 -0.841434926272684347 0.200092685815935728 1.000000000000000000
-1.166588075459297658 -0.949868913452523556 0.211560199720582431 1.000000000000000000
-1.088434569078052805 -1.058922992911076166 0.223083104796745868 1.000000000000000000
-1.028902250287942355 -1.140868935379172111 0.231764407323072991 1.000000000000000000
-0.996298868623418432 -1.187575134679693445 0.236638097135138947 1.000000000000000000
-0.988733647167636232 -1.198131249119757546 0.237486301311972098 1.000000000000000000
-1.383735999348112866 -0.703152490248706852 0.014649981962330191 1.000000000000000000
-1.374169441972342254 -0.715985990302747788 0.016141910954614352 1.000000000000000000
-1.338163603634128895 -0.766205627441549519 0.022455374766410581 1.000000000000000000
-1.277594219727647307 -0.850710041617460999 0.032927340715471029 1.000000000000000000
-1.199391639740709170 -0.959123386216865770 0.046211489562914376 1.000000000000000000
-1.121324888698067124 -1.067509289681185969 0.059722182204594604 1.000000000000000000
-1.061727368482295653 -1.150601970145080477 0.069984236807160261 1.000000000000000000
-1.027810752330256650 -1.196747417010783021 0.075675080271153841 1.000000000000000000
-1.020385193460329853 -1.206783914941254920 0.077101436151563285 1.000000000000000000
-1.249153876217557801 -0.665953217177296830 -0.060738120015070625 1.000000000000000000
-1.239540840332800542 -0.678685641272530060 -0.059070822817173178 1.000000000000000000
-1.204425964800104998 -0.729395685141131400 -0.052414930835021523 1.000000000000000000
-1.144840259954674977 -0.814910268077340794 -0.041131360305464833 1.000000000000000000
-1.067679062325230355 -0.924268157466113127 -0.026764328731111578 1.000000000000000000
-0.991508257883428445 -1.033649281805770315 -0.012334538153327176 1.000000000000000000
-0.932893402313439202 -1.116664782567673431 -0.001367721160539501 1.000000000000000000
-0.900269054502061072 -1.163323244790225086 0.004717931686123653 1.000000000000000000
-0.893694442264536315 -1.173393184838622760 0.005883414644833017 1.000000000000000000
-1.144902600790504099 -0.639868926010688122 -0.098592460116106756 1.000000000000000000
-1.135224827584930818 -0.653346092097679798 -0.096767922830291453 1.000000000000000000
-1.101066534922033879 -0.704099651176416041 -0.089843637546372673 1.000000000000000000
-1.042470929290681303 -0.790579873026215019 -0.078048679754589997 1.000000000000000000
-0.967281107045505961 -0.900461707341729922 -0.062996973303112463 1.000000000000000000
-0.892074828652021590 -1.010784923836006044 -0.047908957629127037 1.000000000000000000
-0.834968561569362500 -1.094806782501866804 -0.036418586076486556 1.000000000000000000
-0.802763858409301756 -1.141611509400186186 -0.029994697968500489 1.000000000000000000
-0.796010601333424384 -1.151809121799643343 -0.028746858664513202 1.000000000000000000
-1.028930142116511348 -0.612074048412489358 -0.124572982881779648 1.000000000000000000
-1.020157094087484673 -0.625705931034891916 -0.122626932111952330 1.000000000000000000
-0.986952647740181321 -0.677445418009918532 -0.115307175416073798 1.000000000000000000
-0.929309805555976531 -0.764370275091826090 -0.103284386707806333 1.000000000000000000
-0.855109487861650308 -0.875251726409986164 -0.087891176429408469 1.000000000000000000
-0.780897371103470572 -0.986086145138644565 -0.072480124199566939 1.000000000000000000
-0.724755012307967461 -1.070528016729809684 -0.060751886637646073 1.000000000000000000
-0.692985906351585523 -1.118400543063493346 -0.054167215958641594 1.000000000000000000
-0.686064027608047855 -1.128488800764470446 -0.052691022092676898 1.000000000000000000
-0.926211674701161169 -0.588085147074968617 -0.141967301726438622 1.000000000000000000
-0.916929876109422670 -0.601726373819262639 -0.140081930765220408 1.000000000000000000
-0.882750558305376076 -0.653501258975617949 -0.132876250948614466 1.000000000000000000
-0.825622777615083292 -0.740902577769975479 -0.120547248472054891 1.000000000000000000
-0.752877672727528480 -0.852721373543894434 -0.104859854858487367 1.000000000000000000
-0.680137799524797027 -0.964553014776338702 -0.089077751609137806 1.000000000000000000
-0.624451849457965280 -1.050028944980627710 -0.077081012633239160 1.000000000000000000
-0.593209383141025115 -1.096929483267033989 -0.070361129429533265 1.000000000000000000
-0.586451140542575522 -1.107322778359395299 -0.068989579654283054 1.000000000000000000
-0.826440905589646446 -0.565620593627696011 -0.154123285892774214 1.000000000000000000
-0.817669532038187374 -0.579127494105942775 -0.152139172187769456 1.000000000000000000
-0.784970028031239719 -0.631323326855337097 -0.144701198461429675 1.000000000000000000
-0.729789509722592822 -0.719704331945642539 -0.132127896660798605 1.000000000000000000
-0.659449899053019872 -0.832490640189548547 -0.116017737554361067 1.000000000000000000
-0.589146188593179909 -0.945303005188521284 -0.099900236364291753 1.000000000000000000
-0.535423104695210594 -1.030714183960923513 -0.087670601282452729 1.000000000000000000
-0.505220268795886662 -1.079581849046592268 -0.080791855491494258 1.000000000000000000
-0.498744777507104609 -1.089631672898808912 -0.079281797784190269 1.000000000000000000
-0.771091942759955407 -0.553005164055914600 -0.159427442436415573 1.000000000000000000
-0.762386520990670391 -0.566528412566855932 -0.157435416005354267 1.000000000000000000
-0.730156890677472470 -0.619248646689581572 -0.149930756965780732 1.000000000000000000
-0.675461656795192211 -0.707644147024285908 -0.137232929413096061 1.000000000000000000
-0.605621973109804146 -0.820410591331006578 -0.121064128845422808 1.000000000000000000
-0.535292285046356953 -0.933680607175568111 -0.104892707523718598 1.000000000000000000
-0.482134127055192596 -1.019634952953243356 -0.092557159504575159 1.000000000000000000
-0.452231507502309338 -1.068422164743073832 -0.085673637445738832 1.000000000000000000
-0.445631618248566619 -1.078668165086501762 -0.084091443553308109 1.000000000000000000
-0.753788120194907374 -0.548737493910909424 -0.160966465155511607 1.000000000000000000
-0.745164646596997771 -0.563016226204340553 -0.158923744618852142 1.000000000000000000
-0.713302798763115309 -0.615185116493316309 -0.151435891870277672 1.000000000000000000
-0.658789170378040523 -0.704164070248863516 -0.138712474518787932 1.000000000000000000
-0.588962573421847546 -0.816967123415565322 -0.122536512650532059 1.000000000000000000
-0.518526991819489025 -0.930157345606612340 -0.106323248461087067 1.000000000000000000
-0.465753624447690862 -1.016723397497195203 -0.093959021855518521 1.000000000000000000
-0.435278972449092527 -1.064307520622897130 -0.087099475469157722 1.000000000000000000
-0.429432510576300663 -1.075027342337668168 -0.085613793034734736 1.000000000000000000
1
