3
3 3
9 23
0.000000000000000000 0.000000000000000000 0.000000000000000000 0.000000000000000000 0.078431372549019496 0.294117647058822984 0.509803921568626972 0.725490196078431016 0.941176470588234948 1.000000000000000000 1.000000000000000000 1.000000000000000000 1.000000000000000000
0.000000000000000000 0.000000000000000000 0.000000000000000000 0.000000000000000000 0.040888440181726500 0.091367995961635598 0.141847551741545008 0.192327107521453988 0.242806663301362996 0.293286219081272004 0.343765774861180984 0.394245330641090019 0.444724886420999999 0.495204442200908979 0.545683997980818014 0.596163553760727050 0.646643109540635974 0.697122665320545010 0.747602221100454045 0.798081776880362970 0.848561332660273004 0.899040888440182040 0.949520444220090964 1.000000000000000000 1.000000000000000000 1.000000000000000000 1.000000000000000000
0.562681306316708874 -0.257185209986488694 -0.143907259076710037 1.000000000000000000
0.569089240010990927 -0.272379575165757393 -0.141882063344713982 1.000000000000000000
0.592991640086453775 -0.329505891007106033 -0.134132999445702200 1.000000000000000000
0.634031210224685893 -0.426404416303114653 -0.121071703986752072 1.000000000000000000
0.685274562934119702 -0.549718668373744057 -0.104531352559058766 1.000000000000000000
0.739551664295251432 -0.672737668477461415 -0.087681110739571966 1.000000000000000000
0.772754388678567050 -0.767465012368465871 -0.075504559821434003 1.000000000000000000
0.794219450505488922 -0.820219215192286022 -0.068454900566001009 1.000000000000000000
0.798571661450514059 -0.831539592582119069 -0.066939449825257749 1.000000000000000000
0.592568270185055090 -0.250649077030879741 -0.141817364210879648 1.000000000000000000
0.598917149893182232 -0.266025440822158121 -0.139742487912669550 1.000000000000000000
0.622351230380755127 -0.323132819682147965 -0.132054444918744213 1.000000000000000000
0.662884300835204998 -0.420280249000579087 -0.118994348441918085 1.000000000000000000
0.714159470929708884 -0.543827593248842445 -0.102452131068233143 1.000000000000000000
0.767390967776561572 -0.666887162510890197 -0.085634902106340505 1.000000000000000000
0.801558628830828512 -0.761603275280341219 -0.073368962582523706 1.000000000000000000
0.823042797721631914 -0.814315161162086243 -0.066336823912189619 1.000000000000000000
0.827900314274156779 -0.825509038256648009 -0.064832021062996903 1.000000000000000000
0.660095513222928365 -0.235875004225092000 -0.136871685749282324 1.000000000000000000
0.665961381196036650 -0.251434258239496611 -0.134851601677712901 1.000000000000000000
0.687933023125033904 -0.309162767025401797 -0.127223322165699815 1.000000000000000000
0.727477816384603293 -0.406557942093929703 -0.114225010552888639 1.000000000000000000
0.778279343846060123 -0.530578090283723158 -0.097652302575025468 1.000000000000000000
0.828062930021247423 -0.654613907769801107 -0.081112662676469549 1.000000000000000000
0.869065986871811802 -0.748364296295835119 -0.068326977668869082 1.000000000000000000
0.890556239711735698 -0.801095829624488887 -0.061261857422966581 1.000000000000000000
0.895436545211916068 -0.812262731880468158 -0.059757413947690664 1.000000000000000000
0.768685885451623752 -0.212239897736669320 -0.128314651787832079 1.000000000000000000
0.774558203277970425 -0.227793281294288663 -0.126294527528372807 1.000000000000000000
0.796504397489679050 -0.285649385064016437 -0.118668312778573176 1.000000000000000000
0.834106539531208280 -0.384029321786103495 -0.105790246399097121 1.000000000000000000
0.881475817806492090 -0.509028532457277083 -0.089401769716656351 1.000000000000000000
0.928341243409077199 -0.634515432486972397 -0.073075966455267760 1.000000000000000000
0.964006254127710127 -0.729727958999003667 -0.060668699356660881 1.000000000000000000
0.984021741188097820 -0.782966070085700627 -0.053702046775667478 1.000000000000000000
0.988418156327368513 -0.794225471111932091 -0.052203803590243222 1.000000000000000000
0.879234199625647084 -0.188115664723862708 -0.118901609182565607 1.000000000000000000
0.885101580549399247 -0.203604689445703146 -0.116887834480754335 1.000000000000000000
0.906568359519237088 -0.262118159882460400 -0.109378643259794670 1.000000000000000000
0.943192508335857438 -0.361009266480697977 -0.096498620202833021 1.000000000000000000
0.988112843191706891 -0.487219213968297149 -0.080294923099006640 1.000000000000000000
1.039368668148420882 -0.612480949825865761 -0.063540640031978957 1.000000000000000000
1.072586910819324890 -0.708188567219090737 -0.051255296527056314 1.000000000000000000
1.092096335122022088 -0.761847844259639584 -0.044342417859262122 1.000000000000000000
1.096953835144047984 -0.772946425567266671 -0.042874672315274996 1.000000000000000000
0.991743425494985176 -0.163732877501055418 -0.108805600424762672 1.000000000000000000
0.997087690785827818 -0.179266068733986705 -0.106802624760110931 1.000000000000000000
1.018105632429602947 -0.238096029476644017 -0.099324075107655230 1.000000000000000000
1.052277515019545806 -0.337981698113200890 -0.086687834775103001 1.000000000000000000
1.101100576304885115 -0.463964229816910601 -0.070040532144444820 1.000000000000000000
1.128469515564435532 -0.594329431831393418 -0.055435573325437963 1.000000000000000000
1.166521667828214648 -0.689544237282933459 -0.042703988823637615 1.000000000000000000
1.187034238387139506 -0.743231427990857063 -0.035717030095104033 1.000000000000000000
1.190963432453407300 -0.755029385153011878 -0.034213959126311810 1.000000000000000000
1.103220483769287830 -0.139269795308807315 -0.098193902974171854 1.000000000000000000
1.109106566561343765 -0.155172131135996372 -0.096193975642483817 1.000000000000000000
1.128660343060450932 -0.214250137534756524 -0.088714886005031190 1.000000000000000000
1.162825085819644944 -0.314703075666745435 -0.076052785781673224 1.000000000000000000
1.204823361226043055 -0.442649517426237149 -0.060059410799032396 1.000000000000000000
1.251676246752272181 -0.569357169162147292 -0.043525393380015487 1.000000000000000000
1.283906252040280860 -0.666516621764697947 -0.031406438408896141 1.000000000000000000
1.301499058198768877 -0.720736829749277441 -0.024605110880142715 1.000000000000000000
1.305388464019126005 -0.732393323439013311 -0.023155240090405697 1.000000000000000000
1.215790003064601832 -0.115070316666818134 -0.086893551936560814 1.000000000000000000
1.220687785217572374 -0.130952822849314893 -0.084937444994922562 1.000000000000000000
1.239223859366487712 -0.190358163747719855 -0.077558129137477116 1.000000000000000000
1.272423798233375924 -0.291434253416229527 -0.065015636592402976 1.000000000000000000
1.313445813486176394 -0.420110386139525727 -0.049022453144187621 1.000000000000000000
1.353465986928280129 -0.549267306581413983 -0.033174142594696941 1.000000000000000000
1.384731871948887916 -0.646435532531448032 -0.021037624913051355 1.000000000000000000
1.402311917872937741 -0.701103247405930996 -0.014248908236889200 1.000000000000000000
1.406216530464777792 -0.712802150810867396 -0.012785940369909370 1.000000000000000000
1.326260458219672422 -0.091021384995348911 -0.074951667725547289 1.000000000000000000
1.331137451723435561 -0.107022475473242770 -0.072998444709178822 1.000000000000000000
1.349678440791582057 -0.166759891057704168 -0.065646767251155508 1.000000000000000000
1.381920046816396797 -0.268445531534981074 -0.053140213866302528 1.000000000000000000
1.421955174022670798 -0.397841127238611258 -0.037235238545488131 1.000000000000000000
1.462974956490853629 -0.527234409029581630 -0.021302738062903483 1.000000000000000000
1.493239286327837423 -0.625414693098930607 -0.009246430434298784 1.000000000000000000
1.509831477571178748 -0.680117141977616302 -0.002501952436764342 1.000000000000000000
1.513742108673429065 -0.691770243187004641 -0.001042081556871008 1.000000000000000000
1.447941581095036900 -0.064564245250644164 -0.061953557727476592 1.000000000000000000
1.452850882075324535 -0.080697764566041830 -0.060007973641797135 1.000000000000000000
1.470409293134533169 -0.140826492248672247 -0.052746853177597357 1.000000000000000000
1.500710135958862157 -0.243359979107767049 -0.040366160458287059 1.000000000000000000
1.538781643691457868 -0.373742872530985426 -0.024622579843080611 1.000000000000000000
1.576895472228867279 -0.504095362610678777 -0.008888291697922053 1.000000000000000000
1.606173548352225700 -0.602706913534516220 0.003024484077466257 1.000000000000000000
1.622764129336188965 -0.658414416866463514 0.009709712932256476 1.000000000000000000
1.625757545041081720 -0.670412596832399288 0.011176321661594248 1.000000000000000000
1.533792150344363003 -0.046478560876749619 -0.049196148150813246 1.000000000000000000
1.537672569873244299 -0.062490578835438015 -0.047298524904112148 1.000000000000000000
1.555248749508777006 -0.123005869596186229 -0.040130067198018517 1.000000000000000000
1.583568030655554182 -0.226101571801273799 -0.027912025404319613 1.000000000000000000
1.620669302718532823 -0.357206820106638456 -0.012379340437981529 1.000000000000000000
1.656796700600711159 -0.488315152704075439 0.003153917193672369 1.000000000000000000
1.685129837206886805 -0.587419939148991599 0.014933728348715848 1.000000000000000000
1.700763970211473186 -0.643107881321564379 0.021528635174917585 1.000000000000000000
1.703707815674642134 -0.655427524627289260 0.022974563904340300 1.000000000000000000
1.739796993833207406 0.000269381143954421 -0.025644332949174092 1.000000000000000000
1.743597284125266489 -0.015701643947610623 -0.023803154616682587 1.000000000000000000
1.759501001971105039 -0.076447413899978500 -0.016373389588565213 1.000000000000000000
1.786244308897251720 -0.180919957176690849 -0.004826699195617099 1.000000000000000000
1.820662683569705065 -0.313336105278894828 0.010848277278048987 1.000000000000000000
1.854610312023155183 -0.446027224173773218 0.026051435569257046 1.000000000000000000
1.880263782747800594 -0.546039995912841802 0.038003222739141918 1.000000000000000000
1.894859933247560191 -0.602668175588744304 0.044546039721080746 1.000000000000000000
1.897774897967589913 -0.614676669327559044 0.045898916585728831 1.000000000000000000
1.567403750286249897 -0.031013815403326813 0.062805312815962994 1.000000000000000000
1.571290108175177558 -0.047064456505297572 0.064636064380070080 1.000000000000000000
1.587885120156622643 -0.107598522063865387 0.071553408083246020 1.000000000000000000
1.617166748643369623 -0.210821675924978413 0.083398014925269409 1.000000000000000000
1.653301138541020121 -0.342302356337382763 0.098444616723948941 1.000000000000000000
1.689425088949345399 -0.473402578699044396 0.113490389225155489 1.000000000000000000
1.716781521441241631 -0.572768442385559351 0.124902487219481884 1.000000000000000000
1.732409081151983887 -0.628948160243494203 0.131314925821670536 1.000000000000000000
1.735359716814205422 -0.640758883905016674 0.132668610499584422 1.000000000000000000
1.467317103543972712 -0.053195858314307863 0.081305976041884470 1.000000000000000000
1.472232566962254685 -0.069347182066407748 0.083143130806944424 1.000000000000000000
1.489840078249514255 -0.129630793586849730 0.089950892869617549 1.000000000000000000
1.519102247283982798 -0.232305318085098161 0.101523926688977528 1.000000000000000000
1.557184478927493343 -0.362921980557588564 0.116203613078711576 1.000000000000000000
1.594297643293435929 -0.493281588596040543 0.130910807351518610 1.000000000000000000
1.623598704997916364 -0.592151347309990084 0.142017525189308241 1.000000000000000000
1.639236014760287574 -0.647342206797000275 0.148243705355011079 1.000000000000000000
1.643128522201858788 -0.659480823524026927 0.149577886184390885 1.000000000000000000
1.354613800154266023 -0.078784906021286488 0.099612830440460404 1.000000000000000000
1.359471350107039234 -0.094750003838527427 0.101382148244706219 1.000000000000000000
1.378033165677201133 -0.154664015846040642 0.108039844227561743 1.000000000000000000
1.408323453733184349 -0.256606988298007266 0.119331329915257814 1.000000000000000000
1.447382068273150191 -0.386226411311648199 0.133672216031714947 1.000000000000000000
1.486435267206406285 -0.515606707784354468 0.148075567416891929 1.000000000000000000
1.516696148606244021 -0.614237320345417004 0.159002125148993811 1.000000000000000000
1.533305993716171045 -0.668937167878122407 0.165106437315067911 1.000000000000000000
1.536256163149797516 -0.680770518659501445 0.166463564856430601 1.000000000000000000
1.241217517887190924 -0.104333676640844003 0.117778088909164746 1.000000000000000000
1.246069358157050777 -0.120160809720044490 0.119475795477508057 1.000000000000000000
1.264607498071059100 -0.179836024964565494 0.126067089964315343 1.000000000000000000
1.296851980912471003 -0.281035199521523338 0.137112668310874125 1.000000000000000000
1.338860145989396955 -0.409467390301693934 0.150967777070958431 1.000000000000000000
1.379850445843231466 -0.538137391838897527 0.164888096313391908 1.000000000000000000
1.411094572379371748 -0.635781746630956768 0.175507177646131579 1.000000000000000000
1.428664761239291758 -0.690006668752506602 0.181371330614108900 1.000000000000000000
1.432591268116174543 -0.701807749790359425 0.182601590915790785 1.000000000000000000
1.136485785031219331 -0.128079165694246905 0.133920850060579549 1.000000000000000000
1.141372363316351946 -0.143790525928257418 0.135624186103713018 1.000000000000000000
1.161863353573868496 -0.202861455170530308 0.141850135638117325 1.000000000000000000
1.195075097956642241 -0.303319553220515459 0.152651495382977120 1.000000000000000000
1.239010792087277935 -0.430783028102605048 0.166144629082024736 1.000000000000000000
1.281982343416973258 -0.558713004915713629 0.179694145583735920 1.000000000000000000
1.315182469932820952 -0.655374080414940496 0.189945683502751345 1.000000000000000000
1.332776895412327800 -0.709594929722516143 0.195806295680861608 1.000000000000000000
1.336703969202507114 -0.721397189155254748 0.197036626411531940 1.000000000000000000
1.020048072103313386 -0.154027577276771105 0.151151256794229916 1.000000000000000000
1.025937318220700334 -0.169857246295781777 0.152807848603886742 1.000000000000000000
1.046450466547623970 -0.228429094697437163 0.158907591828590156 1.000000000000000000
1.084517385439267567 -0.327314983578175678 0.168981837299495202 1.000000000000000000
1.125534129567023145 -0.455019575249282271 0.182778407343443194 1.000000000000000000
1.169515149669552612 -0.581707176915311819 0.196076935502219107 1.000000000000000000
1.202700535720400588 -0.678364943070648097 0.206329676411916629 1.000000000000000000
1.221243989362958082 -0.732083108779880809 0.212069302468745668 1.000000000000000000
1.225187710359935567 -0.743917670165163525 0.213302388575137114 1.000000000000000000
0.913421934368296773 -0.177997900754878091 0.166314384347751948 1.000000000000000000
0.918777218023217435 -0.193789501160669841 0.168031512268465688 1.000000000000000000
0.937362245987007014 -0.252662365378538312 0.174502994340764550 1.000000000000000000
0.958359254926081205 -0.354979327279674517 0.186835147048496797 1.000000000000000000
1.014983652735038655 -0.478500563158914038 0.198309519714670202 1.000000000000000000
1.059913270441804611 -0.604716679654307865 0.211613692789456298 1.000000000000000000
1.096052732709860367 -0.699975021431032851 0.221262730160506987 1.000000000000000000
1.115577049503335472 -0.753672175580474613 0.226754683367257487 1.000000000000000000
1.119449671772671850 -0.764762216104959758 0.227958757242989307 1.000000000000000000
0.798093932615189794 -0.204301316253556603 0.182374892089309681 1.000000000000000000
0.803871946157874939 -0.219566058375034512 0.183815509533853616 1.000000000000000000
0.826800220203681935 -0.277397315780206488 0.189672808085197125 1.000000000000000000
0.871234103330683407 -0.374085253720947364 0.198707145112846900 1.000000000000000000
0.900064494182549746 -0.503235956618765856 0.213963733713024046 1.000000000000000000
0.953743003710887605 -0.626782263432665299 0.225809458457639223 1.000000000000000000
0.989381757920325566 -0.721976955130822495 0.235572835491351884 1.000000000000000000
1.009912975995129303 -0.774720541257040374 0.240942827559381151 1.000000000000000000
1.014817944894977231 -0.786597909839623521 0.242061203149672888 1.000000000000000000
0.688486052710482688 -0.228881185686221039 0.196808839410607811 1.000000000000000000
0.694329702303372431 -0.244061723770274436 0.198248073546042791 1.000000000000000000
0.716764877375654863 -0.301868850134182853 0.204102459559132560 1.000000000000000000
0.752918103462102195 -0.399768422104729015 0.214232170079305922 1.000000000000000000
0.806604252315231585 -0.522842578010974002 0.226079230366080852 1.000000000000000000
0.853978311581515825 -0.647850462728106757 0.238774578156140727 1.000000000000000000
0.891063835593647768 -0.742081952442766646 0.248175389506515909 1.000000000000000000
0.911561772359244737 -0.794805275779614906 0.253545911502261134 1.000000000000000000
0.915985142871547087 -0.806149435259722824 0.254657375597112101 1.000000000000000000
0.620878794681570811 -0.243791758599078201 0.205222590114805842 1.000000000000000000
0.626759940387058512 -0.259207478325799490 0.206812284287896442 1.000000000000000000
0.648754464282279120 -0.316812450492689190 0.212667908583494186 1.000000000000000000
0.679011582990974305 -0.415952525216168545 0.223536326944685615 1.000000000000000000
0.731275798349182105 -0.539010742692531797 0.235499066037583915 1.000000000000000000
0.781078851402714935 -0.663043883892782460 0.247829654888542417 1.000000000000000000
0.818661729634881041 -0.756794480354534893 0.257108476644680284 1.000000000000000000
0.840158136234533059 -0.809515235999916816 0.262354493107334386 1.000000000000000000
0.844550292975800532 -0.820851249061265165 0.263467722241364943 1.000000000000000000
0.576472682833390593 -0.253739155306370090 0.210737978147785221 1.000000000000000000
0.582723758010339377 -0.269004448136781149 0.212196133444720436 1.000000000000000000
0.606229531933568877 -0.326104798434676713 0.217923187219042247 1.000000000000000000
0.645691199481385203 -0.423327199875992100 0.227582437979256091 1.000000000000000000
0.696051511728989714 -0.546356783100723997 0.239780904289876640 1.000000000000000000
0.746339996650066895 -0.669915703752803959 0.251991597223346964 1.000000000000000000
0.784877835428655191 -0.763655513946969178 0.261148841796081554 1.000000000000000000
0.806432282854775973 -0.815876550262875200 0.266387932784624137 1.000000000000000000
0.810819851472571740 -0.827920293409428076 0.267530433159146708 1.000000000000000000
1
