3
2 2
17 26
0.000000000000000000 0.000000000000000000 0.000000000000000000 0.067000000000000004 0.133000000000000007 0.200000000000000011 0.267000000000000015 0.333000000000000018 0.400000000000000022 0.467000000000000026 0.533000000000000029 0.599999999999999978 0.667000000000000037 0.732999999999999985 0.800000000000000044 0.866999999999999993 0.933000000000000052 1.000000000000000000 1.000000000000000000 1.000000000000000000
0.000000000000000000 0.000000000000000000 0.000000000000000000 0.042000000000000003 0.083000000000000004 0.125000000000000000 0.167000000000000010 0.207999999999999990 0.250000000000000000 0.291999999999999982 0.333000000000000018 0.375000000000000000 0.416999999999999982 0.458000000000000018 0.500000000000000000 0.542000000000000037 0.582999999999999963 0.625000000000000000 0.667000000000000037 0.707999999999999963 0.750000000000000000 0.792000000000000037 0.832999999999999963 0.875000000000000000 0.917000000000000037 0.957999999999999963 1.000000000000000000 1.000000000000000000 1.000000000000000000
-1.310999999999999943 0.000000000000000000 0.000000000000000000 1.000000000000000000
-1.310971926666669951 -0.045006116666620001 0.000000000000000000 1.000000000000000000
-1.304854892222230056 -0.134428757777709990 0.000000000000000000 1.000000000000000000
-1.292676970000000036 -0.223261806666640000 0.000000000000000000 1.000000000000000000
-1.274438160000010090 -0.311505263333289983 0.000000000000000000 1.000000000000000000
-1.249597867777799909 -0.399179857777709979 0.000000000000000000 1.000000000000000000
-1.218156093333339962 -0.486285589999980006 0.000000000000000000 1.000000000000000000
-1.180112836666689979 -0.572822459999959954 0.000000000000000000 1.000000000000000000
-1.136110210000039977 -0.655919607777719960 0.000000000000000000 1.000000000000000000
-1.086148213333349988 -0.735577033333310037 0.000000000000000000 1.000000000000000000
-1.030226846666689955 -0.811794736666630046 0.000000000000000000 1.000000000000000000
-0.970511252222269971 -0.882580001111060053 0.000000000000000000 1.000000000000000000
-0.907001430000019981 -0.947932826666650019 0.000000000000000000 1.000000000000000000
-0.839697380000030025 -1.007853213333300024 0.000000000000000000 1.000000000000000000
-0.768851715555610049 -1.062819184444409926 0.000000000000000000 1.000000000000000000
-0.694464436666689999 -1.112830739999989937 0.000000000000000000 1.000000000000000000
-0.655499990000000032 -1.135359309999999899 0.000000000000000000 1.000000000000000000
-1.327742325000000001 -0.000847590000000000 0.049752535000000001 1.000000000000000000
-1.329123559999999982 -0.046672476666620000 0.049711094999999997 1.000000000000000000
-1.325630653333339959 -0.138329221111040013 0.049448085000000003 1.000000000000000000
-1.315882369999999968 -0.229992936666640002 0.049004945000000001 1.000000000000000000
-1.299878710000009985 -0.321663623333290016 0.048381674999999999 1.000000000000000000
-1.277066982222240021 -0.412944169444380005 0.047559221111110002 1.000000000000000000
-1.247447186666680086 -0.503834574999979967 0.046537583333330003 1.000000000000000000
-1.211019323333349940 -0.594334839999949960 0.045316761666670001 1.000000000000000000
-1.168359297777809891 -0.681460312777710020 0.043923695555559999 1.000000000000000000
-1.119467110000009979 -0.765210993333309997 0.042358384999999998 1.000000000000000000
-1.064342760000029919 -0.845586881666629986 0.040620829999999997 1.000000000000000000
-1.005146593888939899 -0.920467663333280006 0.038771863333329999 1.000000000000000000
-0.941878611666679966 -0.989853338333320010 0.036811484999999998 1.000000000000000000
-0.874538813333370024 -1.053743906666630092 0.034739695000000001 1.000000000000000000
-0.803404678888939960 -1.112629297777739890 0.032563418333339998 1.000000000000000000
-0.728476208333350028 -1.166509511666649956 0.030282654999999999 1.000000000000000000
-0.689114804999999997 -1.190947030000000018 0.029090029999999999 1.000000000000000000
-1.362555638915740053 -0.001467512513660000 0.150045589467569990 1.000000000000000000
-1.367095072144139944 -0.049535764094799997 0.149227085345040006 1.000000000000000000
-1.369378092232810040 -0.146476911689539996 0.147283610430090001 1.000000000000000000
-1.364865265953350004 -0.244222703716720002 0.145033668845239994 1.000000000000000000
-1.353556593305770051 -0.342773140176210023 0.142477260590500004 1.000000000000000000
-1.334912422066329984 -0.441281684958869991 0.139554618167169991 1.000000000000000000
-1.308932752235010044 -0.539748338064759969 0.136265741575229998 1.000000000000000000
-1.275617583811839983 -0.638173099493730023 0.132610630814710001 1.000000000000000000
-1.235356748470689991 -0.733302247588520029 0.128883202537849989 1.000000000000000000
-1.188150246211489902 -0.825135782349190050 0.125083456744670002 1.000000000000000000
-1.133998077034330088 -0.913673703775609969 0.121211393435150000 1.000000000000000000
-1.075149665377979957 -0.996529232987280023 0.117199414287329995 1.000000000000000000
-1.011605011242399987 -1.073702369984270044 0.113047519301190003 1.000000000000000000
-0.943364114627670003 -1.145193114766450027 0.108755708476759999 1.000000000000000000
-0.870832215249800035 -1.211370562341860024 0.104372089589730002 1.000000000000000000
-0.794009313108740011 -1.272234712710530014 0.099896662640119996 1.000000000000000000
-0.753452360656640008 -1.300010139291480016 0.097613045134019999 1.000000000000000000
-1.398697616747220041 -0.001012177540980000 0.251126628402709995 1.000000000000000000
-1.406734829765750039 -0.051929618951170001 0.248836876035120003 1.000000000000000000
-1.415321447809539945 -0.154971366179870007 0.244058491290259999 1.000000000000000000
-1.416420257860049992 -0.259219977816889990 0.239081226535720004 1.000000000000000000
-1.410031259917279955 -0.364675453862070009 0.233905081771499990 1.000000000000000000
-1.395665072865609924 -0.470428092654520014 0.228426970057050011 1.000000000000000000
-1.373321696704999928 -0.576477894194309948 0.222646891392359991 1.000000000000000000
-1.343001131435499929 -0.682824858481290042 0.216564845777459991 1.000000000000000000
-1.304853474300879945 -0.785904707210150044 0.210954825391340001 1.000000000000000000
-1.258878725301119994 -0.885717440380960008 0.205816830233999992 1.000000000000000000
-1.205076884436270035 -0.982263057993580047 0.201150860305450013 1.000000000000000000
-1.145885125022739981 -1.072877047850850030 0.196510789528650004 1.000000000000000000
-1.081303447060490086 -1.157559409952849894 0.191896617903580008 1.000000000000000000
-1.011331850549610056 -1.236310144299429981 0.187308345430260009 1.000000000000000000
-0.936581361304860027 -1.309232864803449914 0.182862595435860004 1.000000000000000000
-0.857051979326180047 -1.376327571464960098 0.178559367920360007 1.000000000000000000
-0.814897841969909997 -1.406960917874430006 0.176479015402060013 1.000000000000000000
-1.433090914020660023 -0.000728735003350000 0.353049799417040011 1.000000000000000000
-1.445189300548580080 -0.054105773274529999 0.348793392824239989 1.000000000000000000
-1.461064938633680033 -0.162708221457210006 0.340348718514729975 1.000000000000000000
-1.468619441748030052 -0.273159041280210013 0.331972183081309991 1.000000000000000000
-1.467852809891609933 -0.385458232743379980 0.323663786523979979 1.000000000000000000
-1.458303021397650001 -0.498386843363450016 0.315328545507640001 1.000000000000000000
-1.439970076266110066 -0.611944873140510048 0.306966460032260025 1.000000000000000000
-1.412853974497020104 -0.726132322074380054 0.298577530097870025 1.000000000000000000
-1.376850627487330003 -0.837060662953080015 0.291381298192119997 1.000000000000000000
-1.331960035236990025 -0.944729895776679984 0.285377764315009996 1.000000000000000000
-1.278182197746069892 -1.049140020545010099 0.280566928466560006 1.000000000000000000
-1.218166160285250044 -1.147319011157180046 0.276140344546019989 1.000000000000000000
-1.151911922854460091 -1.239266867613239897 0.272098012553390001 1.000000000000000000
-1.079419485453809946 -1.324983589913059978 0.268439932488690025 1.000000000000000000
-1.001572940573040027 -1.404164602517689930 0.265327998517900010 1.000000000000000000
-0.918372288212079946 -1.476809905427159952 0.262762210641039995 1.000000000000000000
-0.874094908291540018 -1.509864702034299899 0.261752389749579983 1.000000000000000000
-1.465735522061990093 -0.000617185010040000 0.455815078251119998 1.000000000000000000
-1.482458474979089891 -0.056064226490349998 0.449096611806049983 1.000000000000000000
-1.506608553678840057 -0.169687475482890010 0.436154268877510021 1.000000000000000000
-1.521462805244099936 -0.286039890507360006 0.423706515910580006 1.000000000000000000
-1.527021229674839997 -0.405121471563580027 0.411753352905279979 1.000000000000000000
-1.522826253081809966 -0.525157930090510039 0.400259323189570027 1.000000000000000000
-1.508877875464970097 -0.646149266088239971 0.389224426763449982 1.000000000000000000
-1.485176096824349923 -0.768095479556589966 0.378648663626939996 1.000000000000000000
-1.451348191350809946 -0.886770102192730003 0.370162601243019973 1.000000000000000000
-1.407394159044280002 -1.002173133996749899 0.363766239611700015 1.000000000000000000
-1.353313999904830034 -1.114304574968469908 0.359459578732999996 1.000000000000000000
-1.291992754188989956 -1.219855104582789895 0.356088060304710019 1.000000000000000000
-1.223430421896690046 -1.318824722839770036 0.353651684326840021 1.000000000000000000
-1.147627003028030002 -1.411213429739269998 0.352150450799390002 1.000000000000000000
-1.065806937274559996 -1.496165751997609927 0.351768279998150024 1.000000000000000000
-0.977970224636209973 -1.573681689614849999 0.352505171923130023 1.000000000000000000
-0.931043544874620044 -1.608721466102889908 0.353433149248729983 1.000000000000000000
-1.495717124221769945 -0.000489027517370000 0.556379595696349982 1.000000000000000000
-1.517298774443939902 -0.057762908160609999 0.547507639251080036 1.000000000000000000
-1.550123394188319903 -0.175940964892140006 0.530695051029109965 1.000000000000000000
-1.572609333232700024 -0.297749317068740027 0.514813787475710050 1.000000000000000000
-1.584756591577050067 -0.423187964690230012 0.499863848590899995 1.000000000000000000
-1.586041416182260022 -0.549862795894380030 0.485919919910940024 1.000000000000000000
-1.576463807048319898 -0.677773810681269961 0.472982001435809984 1.000000000000000000
-1.556023764175219926 -0.806921009050719951 0.461050093165529973 1.000000000000000000
-1.524202675899110071 -0.932765808814959962 0.451906599557420019 1.000000000000000000
-1.481000542219909955 -1.055308209974070044 0.445551520611480012 1.000000000000000000
-1.426417363137699956 -1.174548212527880109 0.441984856327719999 1.000000000000000000
-1.363454943097210048 -1.286834634573609915 0.439931651693490022 1.000000000000000000
-1.292113282098350080 -1.392167476111320079 0.439391906708790025 1.000000000000000000
-1.212392380141249948 -1.490546737140870048 0.440365621373620009 1.000000000000000000
-1.125907375228490048 -1.580505949409539923 0.443001781532349981 1.000000000000000000
-1.032658267359980009 -1.662045112917369893 0.447300387184970005 1.000000000000000000
-0.982651661947889998 -1.698604670290839946 0.450280912758230012 1.000000000000000000
-1.523035719221770057 -0.000344262517370000 0.654743350696350035 1.000000000000000000
-1.549710197777270038 -0.059201818160610001 0.644026474251079950 1.000000000000000000
-1.591609459188310094 -0.181468689336580002 0.623971064362449979 1.000000000000000000
-1.622059024899370039 -0.308287320402070020 0.605293997475709999 1.000000000000000000
-1.641058894910379928 -0.439657711356900016 0.587995273590899981 1.000000000000000000
-1.647948510071149952 -0.572501439783259958 0.572310336022049948 1.000000000000000000
-1.642727870381649913 -0.706818505681270026 0.558239184769140029 1.000000000000000000
-1.625396975841890024 -0.842608909050719945 0.545781819832199977 1.000000000000000000
-1.595414080343549923 -0.975047781037180039 0.536613294557420017 1.000000000000000000
-1.552779183886580094 -1.104135121640740014 0.530733608944820023 1.000000000000000000
-1.497492286471040046 -1.229870930861209910 0.528142762994390003 1.000000000000000000
-1.432552725874989941 -1.348257598462490048 0.527671120582369979 1.000000000000000000
-1.357960502098350064 -1.459295124444659919 0.529318681708790040 1.000000000000000000
-1.273715615141250090 -1.562983508807539890 0.533085446373619987 1.000000000000000000
-1.181874252450709983 -1.657185191076200104 0.539028505421230042 1.000000000000000000
-1.082436414026650029 -1.741900171250710061 0.547147858851629976 1.000000000000000000
-1.028919256947889993 -1.779514310290839951 0.552295682758230044 1.000000000000000000
-1.546526529550549922 -0.000225867513800000 0.749167246427389966 1.000000000000000000
-1.577945067224550080 -0.060469910668680002 0.737676938882700028 1.000000000000000000
-1.628282274665479923 -0.186312252987099997 0.716354984331800004 1.000000000000000000
-1.666119614199270016 -0.317508851314210028 0.696691690319390045 1.000000000000000000
-1.691457085825879947 -0.454059705649800027 0.678687056845519998 1.000000000000000000
-1.703454512078709904 -0.592243797195210031 0.662701787230030037 1.000000000000000000
-1.702111892957739903 -0.732061125950549951 0.648735881472899956 1.000000000000000000
-1.687429228462979935 -0.873511691915609956 0.636789339574170055 1.000000000000000000
-1.658970257448219909 -1.011539815116810015 0.628266481598940052 1.000000000000000000
-1.616734979913410086 -1.146145495554230065 0.623167307547199956 1.000000000000000000
-1.560723395858599982 -1.277328733227669932 0.621491817418969972 1.000000000000000000
-1.493807991154810111 -1.400777138179720049 0.622302222827139984 1.000000000000000000
-1.415988765801960092 -1.516490710410439924 0.625598523771729975 1.000000000000000000
-1.327265719800170052 -1.624469449919679898 0.631380720252719962 1.000000000000000000
-1.230128166141160051 -1.721967704567060053 0.639606781174959949 1.000000000000000000
-1.124576104824839939 -1.808985474352649891 0.650276706538460036 1.000000000000000000
-1.067592820338070014 -1.847254116814500025 0.656833601440840020 1.000000000000000000
-1.566189553370759935 -0.000133842519330000 0.839651280998349958 1.000000000000000000
-1.602003380781050090 -0.061567185602839997 0.828459031769099963 1.000000000000000000
-1.660141838309449946 -0.190471655515310007 0.807846810508950020 1.000000000000000000
-1.704791098545650030 -0.325413909173239979 0.789006866447150013 1.000000000000000000
-1.735951161489559968 -0.466393946576409979 0.771939199583720037 1.000000000000000000
-1.752559419132410090 -0.609089866739999986 0.757094275455360011 1.000000000000000000
-1.754615871474169975 -0.753501669664120022 0.744472094062060052 1.000000000000000000
-1.742120518514830074 -0.899629355348550042 0.734072655403840035 1.000000000000000000
-1.714871203538610001 -1.042241908274680107 0.726866164016290006 1.000000000000000000
-1.672867926545430040 -1.181339328442589931 0.722852619899419957 1.000000000000000000
-1.616110687535359913 -1.316921615852090000 0.722032023053220007 1.000000000000000000
-1.547220735172269990 -1.444393249451640049 0.723824961735780037 1.000000000000000000
-1.466198069456069897 -1.563754229241300031 0.728231435947089945 1.000000000000000000
-1.373042690386879983 -1.675004555220900082 0.735251445687139960 1.000000000000000000
-1.270669112597589967 -1.774853484171690088 0.744736610978280034 1.000000000000000000
-1.159077336088099930 -1.863301016093720008 0.756686931820509945 1.000000000000000000
-1.098672348473300087 -1.901824083540309962 0.763894670017170041 1.000000000000000000
-1.581123253469340018 -0.000065125006810000 0.923201858507439965 1.000000000000000000
-1.620351999770790030 -0.062447029900580001 0.913928411309850031 1.000000000000000000
-1.684537639404600107 -0.193730291590659992 0.896940065329150049 1.000000000000000000
-1.734451426069280044 -0.331533005183330010 0.881510267762929955 1.000000000000000000
-1.770093359764769891 -0.475855170678359973 0.867639018611219948 1.000000000000000000
-1.790212478569809917 -0.621917515345170036 0.855750741506389967 1.000000000000000000
-1.794808782484399901 -0.769720039183869997 0.845845436448430021 1.000000000000000000
-1.783882271508510087 -0.919262742194229987 0.837923103437369976 1.000000000000000000
-1.757460984219350042 -1.065198747718159922 0.832567976134970023 1.000000000000000000
-1.715544920616860036 -1.207528055755759944 0.829780054541240042 1.000000000000000000
-1.658134080701110014 -1.346250666306820110 0.829559338656170042 1.000000000000000000
-1.587610798117180089 -1.476552753005589969 0.831608789004369964 1.000000000000000000
-1.503975072864990103 -1.598434315852139909 0.835928405585850021 1.000000000000000000
-1.407226904944669954 -1.711895354846300066 0.842518188400590007 1.000000000000000000
-1.300619089318459931 -1.813244175304479899 0.851194602720960036 1.000000000000000000
-1.184151625986259893 -1.902480777226720043 0.861957648546989974 1.000000000000000000
-1.120988070467209941 -1.941042968919830081 0.868382487212819965 1.000000000000000000
-1.591327622857080071 -0.000019715009540000 0.999818953910409980 1.000000000000000000
-1.632990915679120025 -0.063109443194159995 0.994085053167110044 1.000000000000000000
-1.701469666722009944 -0.196088159782520005 0.983634725683020017 1.000000000000000000
-1.755100583163669903 -0.335866136590010023 0.974201872201429953 1.000000000000000000
-1.793883665004019967 -0.482443373616399995 0.965786492722370049 1.000000000000000000
-1.816413673108850046 -0.630726737038839969 0.958671164775599993 1.000000000000000000
-1.822690607478149927 -0.780716226857430029 0.952855888361139991 1.000000000000000000
-1.812714468111910060 -0.932411843071950019 0.948340663478980050 1.000000000000000000
-1.786739579684859969 -1.080410322361019970 0.945371897700070019 1.000000000000000000
-1.744765942196929931 -1.224711664724740023 0.943949591024400014 1.000000000000000000
-1.686793555648210097 -1.365315870162900014 0.944073743451970038 1.000000000000000000
-1.614978160919579908 -1.497255632874519904 0.945653683272789980 1.000000000000000000
-1.529319758010970087 -1.620530952859680074 0.948689410486849960 1.000000000000000000
-1.429818346922510086 -1.735141830118180017 0.953180925094159970 1.000000000000000000
-1.319978081490249977 -1.837139758315190052 0.958980731809349951 1.000000000000000000
-1.199798961714090062 -1.926524737450749925 0.966088830632449991 1.000000000000000000
-1.134539974654100059 -1.964910752487770029 0.970297026097949988 1.000000000000000000
-1.596376030025810078 0.000002105000420000 1.079628770079390065 1.000000000000000000
-1.639141545914329923 -0.063433777503240002 1.077495334200659904 1.000000000000000000
-1.709559128514039905 -0.197222063077069992 1.073631440386070057 1.000000000000000000
-1.764863261936369998 -0.337926869217429982 1.070170524514360011 1.000000000000000000
-1.805053946181250035 -0.485548195924110026 1.067112586585539979 1.000000000000000000
-1.828657325133550060 -0.634853978466360047 1.064572044979589904 1.000000000000000000
-1.835673398793240096 -0.785844216844279964 1.062548899696529991 1.000000000000000000
-1.826102167160309930 -0.938518911057649952 1.061043150736350027 1.000000000000000000
-1.800299139129420078 -1.087449425271900028 1.060093830061969999 1.000000000000000000
-1.758264314700509923 -1.232635759487130001 1.059700937673369925 1.000000000000000000
-1.699997693873650073 -1.374077913703130038 1.059864473570570009 1.000000000000000000
-1.627555865808709923 -1.506740097916059895 1.060593488310779930 1.000000000000000000
-1.540938830505599988 -1.630622312125979967 1.061887981893989918 1.000000000000000000
-1.440146587964439950 -1.745724556332719946 1.063747954320209965 1.000000000000000000
-1.328797086802020022 -1.847986183584140019 1.066103067505500102 1.000000000000000000
-1.206890327018210085 -1.937407193880289924 1.068953321449860105 1.000000000000000000
-1.140658317815649969 -1.975697390550680055 1.070626018801569934 1.000000000000000000
-1.596268470025810071 0.000000335000420000 1.162631310079389912 1.000000000000000000
-1.638803884247659992 -0.063420032503240006 1.164159257533990077 1.000000000000000000
-1.708806016291809948 -0.197132000299290011 1.166930212608290107 1.000000000000000000
-1.763739451936370051 -0.337715200884100009 1.169416227847700052 1.000000000000000000
-1.803604191181249927 -0.485169634257450022 1.171617303252199926 1.000000000000000000
-1.826943421244660026 -0.634299235133029993 1.173453384979590064 1.000000000000000000
-1.833757142126569928 -0.785104003510949999 1.174924473029860028 1.000000000000000000
-1.824045353826970084 -0.937583939390979948 1.176030567403020033 1.000000000000000000
-1.798139647462750013 -1.086316048605229900 1.176733775061969967 1.000000000000000000
-1.756040023033839992 -1.231300331153799998 1.177034096006710051 1.000000000000000000
-1.697746480540319958 -1.372536787036469974 1.176931530237240064 1.000000000000000000
-1.625343898586490088 -1.505006137360499929 1.176428204977449932 1.000000000000000000
-1.538832277172260010 -1.628708382125980014 1.175524120227330105 1.000000000000000000
-1.438211616297780049 -1.743643521332719937 1.174219275986879918 1.000000000000000000
-1.327076095135349965 -1.845783438584140068 1.172561609172170005 1.000000000000000000
-1.205425713684870059 -1.935128133880289925 1.170551119783189931 1.000000000000000000
-1.139343092815650049 -1.973402870550680088 1.169369463801569919 1.000000000000000000
-1.597876219102770001 -0.000000305000130000 1.250843124776300108 1.000000000000000000
-1.638912539850120087 -0.063346000869539995 1.255298783350579983 1.000000000000000000
-1.706177747049220095 -0.196620716918339988 1.263355788954179992 1.000000000000000000
-1.758635519952689963 -0.336478757277159979 1.270558483012850015 1.000000000000000000
-1.796285858560449977 -0.482920121945789982 1.276906865526570067 1.000000000000000000
-1.817772233656349989 -0.630956159988700027 1.282178720130719984 1.000000000000000000
-1.823094645240360023 -0.780586871406020011 1.286374046825299988 1.000000000000000000
-1.812253093312490071 -0.931812256197530053 1.289492845610300087 1.000000000000000000
-1.785469279036749901 -1.079240639625709930 1.291415370120279960 1.000000000000000000
-1.742743202413080006 -1.222872021690690092 1.292141620355220066 1.000000000000000000
-1.684074863441550107 -1.362706402392239946 1.291671596315139947 1.000000000000000000
-1.611701783991799974 -1.493831645010410103 1.290031138540900013 1.000000000000000000
-1.525623964063749893 -1.616247749545290047 1.287220247032520026 1.000000000000000000
-1.425841403657529982 -1.729954715996689929 1.283238921789980003 1.000000000000000000
-1.315819006447580097 -1.831110822606180077 1.278228723628010099 1.000000000000000000
-1.195556772433820081 -1.919716069373820000 1.272189652546600103 1.000000000000000000
-1.130305737025059987 -1.957743262836669995 1.268655680546169950 1.000000000000000000
-1.601199278903389978 0.000000184999840000 1.344264219171040109 1.000000000000000000
-1.639467513150149935 -0.063211682544260003 1.350913915947000055 1.000000000000000000
-1.701674318986089895 -0.195688212529849997 1.362908172425479902 1.000000000000000000
-1.749551462164399940 -0.334217537412830001 1.373597291830519929 1.000000000000000000
-1.783098942684999910 -0.478799657193009986 1.382981274162109919 1.000000000000000000
-1.801143755209609898 -0.624824750356590020 1.390748050283229897 1.000000000000000000
-1.803685899738219911 -0.772292816903670021 1.396897620193880085 1.000000000000000000
-1.790725376270819957 -0.921203856834030055 1.401429983894070030 1.000000000000000000
-1.762288023760949951 -1.066223192628980021 1.404138613356880061 1.000000000000000000
-1.718373842208569924 -1.207350824288629942 1.405023508582309955 1.000000000000000000
-1.658982831613730058 -1.344586751812749892 1.404084669570349941 1.000000000000000000
-1.586629511051689922 -1.473216611802870002 1.401402286858629997 1.000000000000000000
-1.501313880522350042 -1.593240404259059995 1.396976360447149901 1.000000000000000000
-1.403035940025850081 -1.704658129181150006 1.390806890335910095 1.000000000000000000
-1.295025811584060049 -1.803968323679179919 1.383104410113249916 1.000000000000000000
-1.177283495196880025 -1.891170987753189925 1.373868919779180020 1.000000000000000000
-1.113546243030629990 -1.928718554578150002 1.368484669556429889 1.000000000000000000
-1.605613106013759950 0.000000420000010000 1.440280525874890083 1.000000000000000000
-1.640152408113300098 -0.062946245107009996 1.448598055566650000 1.000000000000000000
-1.695541821817809991 -0.194189065002110001 1.463540706426460059 1.000000000000000000
-1.737242045027719950 -0.330781374578299980 1.476790948762570110 1.000000000000000000
-1.765253077742950039 -0.472723173835369992 1.488348782574969942 1.000000000000000000
-1.778609915734139957 -0.615897460109590011 1.497855572864549956 1.000000000000000000
-1.777312559001249959 -0.760304233401070007 1.505311319631309930 1.000000000000000000
-1.761361007544280044 -0.905943493709590042 1.510716022875240094 1.000000000000000000
-1.730599331130759921 -1.047565540449209909 1.513770934011609892 1.000000000000000000
-1.685027529760630083 -1.185170373620020090 1.514476053040409997 1.000000000000000000
-1.624645603433950036 -1.318757993221820080 1.512831379961649958 1.000000000000000000
-1.552259561790320097 -1.443880049442259894 1.509004765575989948 1.000000000000000000
-1.467869404829649893 -1.560536542281409922 1.502996209883439960 1.000000000000000000
-1.371475132552079979 -1.668727471739090085 1.494805712883999993 1.000000000000000000
-1.266005724501209961 -1.765391300447499923 1.484694600124409902 1.000000000000000000
-1.151461180676959906 -1.850528028406680070 1.472662871604679902 1.000000000000000000
-1.089651340878180052 -1.887332842011619993 1.465686699464739950 1.000000000000000000
-1.611117700683480036 0.000000400000010000 1.538892024958200100 1.000000000000000000
-1.640967224731080032 -0.062549688464130004 1.548351181248120101 1.000000000000000000
-1.687780255061289925 -0.192123274014940004 1.565253368101479969 1.000000000000000000
-1.721707267626469973 -0.326170268188300028 1.580139429228329950 1.000000000000000000
-1.742748262426579986 -0.464690670983989973 1.593009364628670044 1.000000000000000000
-1.750170713551600032 -0.604174288035210005 1.603501260414690099 1.000000000000000000
-1.743974621001529890 -0.744621119342059989 1.611615116586410101 1.000000000000000000
-1.724159984776350019 -0.886031164904329982 1.617350933143810066 1.000000000000000000
-1.690403198542530072 -1.023267680795969969 1.620312302063569909 1.000000000000000000
-1.642704262300030082 -1.156330667017070102 1.620499223345690076 1.000000000000000000
-1.581063176048900010 -1.285220123567430095 1.617911696990159909 1.000000000000000000
-1.508591933299270105 -1.405821954503529980 1.612838544345970071 1.000000000000000000
-1.425290534051049995 -1.518136159825429932 1.605279765413089921 1.000000000000000000
-1.331158978304380014 -1.622162739532980069 1.595235360191550100 1.000000000000000000
-1.228758742291589989 -1.715379748448190078 1.582999265337249994 1.000000000000000000
-1.118089826012580001 -1.797787186571129903 1.568571480850160071 1.000000000000000000
-1.058621027740000109 -1.833586120236420092 1.560261743790229971 1.000000000000000000
-1.617447612424119940 0.000000362500020000 1.642371455994950047 1.000000000000000000
-1.642165480263900079 -0.061975700270449997 1.652152688674030090 1.000000000000000000
-1.679598316152369986 -0.189456632565089989 1.669521853765459918 1.000000000000000000
-1.705028252249700005 -0.320466371613439993 1.684697718590149940 1.000000000000000000
-1.718455288555869931 -0.455004917415310017 1.697680283148069957 1.000000000000000000
-1.719330946966530105 -0.590212697498569971 1.708137249083419906 1.000000000000000000
-1.707655227481650106 -0.726089711863330045 1.716068616396180024 1.000000000000000000
-1.683428130101249920 -0.862635960509379962 1.721474385086350090 1.000000000000000000
-1.646259173146459975 -0.994860014206199961 1.723898370717370065 1.000000000000000000
-1.596148356617230091 -1.122761872953879969 1.723340573289239952 1.000000000000000000
-1.533095680513619996 -1.246341536752219925 1.719800992801959971 1.000000000000000000
-1.460426624236520032 -1.361842527130860070 1.713672836723920012 1.000000000000000000
-1.378141187785830057 -1.469264844089859912 1.704956105055120075 1.000000000000000000
-1.286239371161679967 -1.568608487629050030 1.693650797795559937 1.000000000000000000
-1.186889791736809974 -1.657922943642460067 1.680054691343120021 1.000000000000000000
-1.080092449511119934 -1.737208212130149976 1.664167785697759916 1.000000000000000000
-1.022969896997899975 -1.771836252611090012 1.655078933278639974 1.000000000000000000
-1.624602842424119897 0.000000307500020000 1.750718825994949990 1.000000000000000000
-1.643747175263899907 -0.061224280270450002 1.760002583674030063 1.000000000000000000
-1.670996004485709951 -0.186189139787309998 1.776346167098789897 1.000000000000000000
-1.687204997249700078 -0.313669683280110023 1.790465818590150082 1.000000000000000000
-1.692374153555870064 -0.443665910748639980 1.802361538148069986 1.000000000000000000
-1.686090612522090026 -0.574012685276349965 1.811763537416750003 1.000000000000000000
-1.668354374148319996 -0.704710006863329963 1.818671816396179919 1.000000000000000000
-1.639165438434579958 -0.835757875509379966 1.823086375086349964 1.000000000000000000
-1.598167249257570033 -0.962342534761760016 1.824529135717370076 1.000000000000000000
-1.545359806617230047 -1.084463984620539945 1.823000098289240034 1.000000000000000000
-1.480743110513629945 -1.202122225085560103 1.818499262801960059 1.000000000000000000
-1.407763628125410005 -1.311941758797529944 1.811507638390589925 1.000000000000000000
-1.326421359452490067 -1.413922585756520078 1.802025225055120083 1.000000000000000000
-1.236716304495020013 -1.508064705962379959 1.790052022795560083 1.000000000000000000
-1.140398866181250082 -1.593020875309129947 1.775860876343120065 1.000000000000000000
-1.037469044511120098 -1.668791093796810010 1.759451785697760062 1.000000000000000000
-0.982697941997899949 -1.702083227611089988 1.750138268278639941 1.000000000000000000
-1.631836744648099913 0.000000245000030000 1.863381226878799923 1.000000000000000000
-1.645648089967469918 -0.060295073764999998 1.871546250890719909 1.000000000000000000
-1.663158307202939890 -0.182454078583380003 1.885789931573109923 1.000000000000000000
-1.670556051035110068 -0.306181450690080015 1.897947244914039988 1.000000000000000000
-1.667841321463970017 -0.431477190084930018 1.908018190913489898 1.000000000000000000
-1.654648983505200066 -0.556818889037509979 1.915791903716560052 1.000000000000000000
-1.630979037158770018 -0.682206547547919984 1.921268383323259998 1.000000000000000000
-1.596831482424720061 -0.807640165615969963 1.924447629733559983 1.000000000000000000
-1.552002242252890074 -0.928530757857950029 1.924895287349289941 1.000000000000000000
-1.496491316643240088 -1.044878324273950110 1.922611356170430108 1.000000000000000000
-1.430298705595830056 -1.156682864863779914 1.917595836197000025 1.000000000000000000
-1.356859616944400049 -1.260895633687939998 1.910342281620110105 1.000000000000000000
-1.276174050688859918 -1.357516630746480102 1.900850692439759904 1.000000000000000000
-1.188242006829330011 -1.446545856039249900 1.889121068655960078 1.000000000000000000
-1.094417396623049932 -1.527195542143009899 1.875384274180609934 1.000000000000000000
-0.994700220069919983 -1.599465689057790074 1.859640309013709913 1.000000000000000000
-0.941895348619960049 -1.631410992920669933 1.850764741084490073 1.000000000000000000
-1.639149319209340039 0.000000175000030000 1.980358664860150109 1.000000000000000000
-1.647868224834259987 -0.059188080498089997 1.986783695643139946 1.000000000000000000
-1.656085225405109940 -0.178251448279979990 1.997853150960430035 1.000000000000000000
-1.655081415296919989 -0.298001672847539978 2.007142000029019879 1.000000000000000000
-1.644856794509709896 -0.418438754200569973 2.014650242848900152 1.000000000000000000
-1.625006062506000104 -0.538631307350989963 2.020222348561850012 1.000000000000000000
-1.595529219285759970 -0.658579332298879994 2.023858317167860132 1.000000000000000000
-1.556426264849029906 -0.778282829044079971 2.025558148666930069 1.000000000000000000
-1.507764154907180076 -0.893424681630979989 2.024996825232090014 1.000000000000000000
-1.449542889460140094 -1.004004890059690069 2.022174346863319983 1.000000000000000000
-1.381762468508010100 -1.110023454330020032 2.017090713560639959 1.000000000000000000
-1.307714593226430022 -1.208704150152760004 2.010176767852259960 1.000000000000000000
-1.227399263615339908 -1.300046977527989922 2.001432509738179988 1.000000000000000000
-1.140816479674860107 -1.384051936455559906 1.990857939218410033 1.000000000000000000
-1.048945383795810038 -1.460446942814600080 1.978624890208400045 1.000000000000000000
-0.951785975978099996 -1.529231996605149968 1.964733362708130038 1.000000000000000000
-0.900562116099959953 -1.559819547216150015 1.956958359712869910 1.000000000000000000
-1.645312060544970034 0.000000105000030000 2.099231700400240097 1.000000000000000000
-1.649941294248850054 -0.058166724531540002 2.103792929508740084 1.000000000000000000
-1.650704455049609942 -0.174499061287750001 2.111559013347419800 1.000000000000000000
-1.642972309243329931 -0.290830075737040006 2.117968722807780146 1.000000000000000000
-1.626744856830020014 -0.407159767879229972 2.123022057889819791 1.000000000000000000
-1.601535422579710044 -0.523016382030839999 2.126611529688759994 1.000000000000000000
-1.567344006492370045 -0.638399918191959959 2.128737138204599866 1.000000000000000000
-1.524170608568059970 -0.753310376362420042 2.129398883437339851 1.000000000000000000
-1.472365453969280091 -0.863702878658220041 2.128384601730469949 1.000000000000000000
-1.411928542695980004 -0.969577425079420019 2.125694293084010145 1.000000000000000000
-1.342859874748250082 -1.070934015625869984 2.121327957497959993 1.000000000000000000
-1.268262011050949933 -1.165168082770039915 2.115611989473760168 1.000000000000000000
-1.188134951604010059 -1.252279626512009969 2.108546389011419997 1.000000000000000000
-1.102478696407549918 -1.332268646851620053 2.100131156110939923 1.000000000000000000
-1.011968135552669956 -1.405273217281270082 2.090482130792980175 1.000000000000000000
-0.916603269039309998 -1.471293337800990031 2.079599313057519883 1.000000000000000000
-0.866493682953410005 -1.500811173105859986 2.073541007981050122 1.000000000000000000
-1.650324965244190034 0.000000035000030000 2.220000308154120194 1.000000000000000000
-1.651867297466629969 -0.057231006254350000 2.222573927381879866 1.000000000000000000
-1.647016000270919989 -0.171196919263660013 2.226907494204290128 1.000000000000000000
-1.634228741434609944 -0.284666662773509993 2.230427389393600190 1.000000000000000000
-1.613505520957710049 -0.397640236783730006 2.233133612949799840 1.000000000000000000
-1.584237079728729958 -0.509974121146710035 2.234959424854559895 1.000000000000000000
-1.546423417747609941 -0.621668315862530019 2.235904825107870142 1.000000000000000000
-1.500064535014419942 -0.732722820931010044 2.235969813709750120 1.000000000000000000
-1.445806162785060023 -0.839365365118470041 2.235058597552260107 1.000000000000000000
-1.383648301059460017 -0.941595948424969964 2.233171176635400101 1.000000000000000000
-1.313590949837720068 -1.039414570850369923 2.230307550959179874 1.000000000000000000
-1.238501896169889926 -1.130287456529549983 2.226647930589380042 1.000000000000000000
-1.158381140055900094 -1.214214605462569985 2.222192315526000161 1.000000000000000000
-1.073228681495880021 -1.291196017649310024 2.216940705769039788 1.000000000000000000
-0.983485675039399987 -1.361674398230529937 2.210955983564550031 1.000000000000000000
-0.889152120686380054 -1.425649747206269913 2.204238148912519790 1.000000000000000000
-0.839690069561629948 -1.454385905891369957 2.200512675362749970 1.000000000000000000
-1.652854104978219940 0.000044234957530000 2.340192277584640212 1.000000000000000000
-1.652854929976359966 -0.057276712840250002 2.340982185009619965 1.000000000000000000
-1.645000794053040005 -0.171125229039260002 2.342290839599260099 1.000000000000000000
-1.629290872210110042 -0.284180365841710025 2.343328333928579976 1.000000000000000000
-1.605725164447600051 -0.396442123247420009 2.344094667997600023 1.000000000000000000
-1.574204096884040061 -0.507117405926510001 2.344566659006260156 1.000000000000000000
-1.534727669519369897 -0.616206213879080034 2.344744306954579915 1.000000000000000000
-1.487295882353669940 -0.723708547104950028 2.344627611842560189 1.000000000000000000
-1.432545149426589948 -0.826986359090640000 2.344197769763240125 1.000000000000000000
-1.370475470738069967 -0.926039649836239986 2.343454780716640151 1.000000000000000000
-1.301086846288209919 -1.020868419341580013 2.342398644702750055 1.000000000000000000
-1.226342059610850077 -1.109602540892520084 2.341082920661880173 1.000000000000000000
-1.146241110705940036 -1.192242014489109936 2.339507608594019850 1.000000000000000000
-1.060783999573579939 -1.268786840131230109 2.337672708499189955 1.000000000000000000
-0.970708718038799989 -1.338921751470590005 2.335596422061509969 1.000000000000000000
-0.876015266101510037 -1.402646748507250019 2.333278749280990105 1.000000000000000000
-0.826359454931639981 -1.431304289874200109 2.331999219719310013 1.000000000000000000
-1.652876790000000096 0.000088470000000000 2.399999999999999911 1.000000000000000000
-1.652879559999999914 -0.057790279999939999 2.399999999999999911 1.000000000000000000
-1.644829816666679934 -0.172704614444360000 2.399999999999999911 1.000000000000000000
-1.628724790000009914 -0.286775783333309997 2.399999999999999911 1.000000000000000000
-1.604564480000010063 -0.400003786666610017 2.399999999999999911 1.000000000000000000
-1.572820291111139968 -0.510781834444359983 2.399999999999999911 1.000000000000000000
-1.533492223333349891 -0.619109926666639998 2.399999999999999911 1.000000000000000000
-1.486580276666690015 -0.724988063333280031 2.399999999999999911 1.000000000000000000
-1.432563794444490002 -0.826776121111040041 2.399999999999999911 1.000000000000000000
-1.371442776666679908 -0.924474099999979981 2.399999999999999911 1.000000000000000000
-1.303217223333370089 -1.018081999999949971 2.399999999999999911 1.000000000000000000
-1.229062300000060004 -1.106357948888829990 2.399999999999999911 1.000000000000000000
-1.148978006666689922 -1.189301946666649901 2.399999999999999911 1.000000000000000000
-1.062964343333379968 -1.266913993333290023 2.399999999999999911 1.000000000000000000
-0.972173007777849985 -1.337968533333280030 2.399999999999999911 1.000000000000000000
-0.876604000000030026 -1.402465566666649899 2.399999999999999911 1.000000000000000000
-0.826430659999999984 -1.431435330000000006 2.399999999999999911 1.000000000000000000
1
