3
2 2
17 26
0.000000000000000000 0.000000000000000000 0.000000000000000000 0.067000000000000004 0.133000000000000007 0.200000000000000011 0.267000000000000015 0.333000000000000018 0.400000000000000022 0.467000000000000026 0.533000000000000029 0.599999999999999978 0.667000000000000037 0.732999999999999985 0.800000000000000044 0.866999999999999993 0.933000000000000052 1.000000000000000000 1.000000000000000000 1.000000000000000000
0.000000000000000000 0.000000000000000000 0.000000000000000000 0.042000000000000003 0.083000000000000004 0.125000000000000000 0.167000000000000010 0.207999999999999990 0.250000000000000000 0.291999999999999982 0.333000000000000018 0.375000000000000000 0.416999999999999982 0.458000000000000018 0.500000000000000000 0.542000000000000037 0.582999999999999963 0.625000000000000000 0.667000000000000037 0.707999999999999963 0.750000000000000000 0.792000000000000037 0.832999999999999963 0.875000000000000000 0.917000000000000037 0.957999999999999963 1.000000000000000000 1.000000000000000000 1.000000000000000000
-0.655499990000000032 1.135359309999999899 0.000000000000000000 1.000000000000000000
-0.694464436666630047 1.112830740000019913 0.000000000000000000 1.000000000000000000
-0.768851715555500026 1.062819184444480092 0.000000000000000000 1.000000000000000000
-0.839697379999979954 1.007853213333349984 0.000000000000000000 1.000000000000000000
-0.907001429999970021 0.947932826666699979 0.000000000000000000 1.000000000000000000
-0.970511252222180043 0.882580001111159973 0.000000000000000000 1.000000000000000000
-1.030226846666649987 0.811794736666689998 0.000000000000000000 1.000000000000000000
-1.086148213333310020 0.735577033333369990 0.000000000000000000 1.000000000000000000
-1.136110209999970033 0.655919607777839975 0.000000000000000000 1.000000000000000000
-1.180112836666660003 0.572822460000020017 0.000000000000000000 1.000000000000000000
-1.218156093333309986 0.486285590000040013 0.000000000000000000 1.000000000000000000
-1.249597867777759941 0.399179856666730004 0.000000000000000000 1.000000000000000000
-1.274438160000000098 0.311505260000019990 0.000000000000000000 1.000000000000000000
-1.292676969999990044 0.223261800000040006 0.000000000000000000 1.000000000000000000
-1.304854892222220064 0.134428751111179995 0.000000000000000000 1.000000000000000000
-1.310971926666669951 0.045006113333360000 0.000000000000000000 1.000000000000000000
-1.310999999999999943 0.000000000000000000 0.000000000000000000 1.000000000000000000
-0.687079760000000039 1.190087714999999990 0.030561085000000002 1.000000000000000000
-0.727119511666630025 1.166029410000019917 0.031263358333330001 1.000000000000000000
-0.802952446666610031 1.112654813333380011 0.032890319444440000 1.000000000000000000
-0.874538813333319953 1.054022230000019933 0.034739695000000001 1.000000000000000000
-0.941878611666630006 0.990131660000029945 0.036811484999999998 1.000000000000000000
-1.005146593888839979 0.920745983888940023 0.038771863333329999 1.000000000000000000
-1.064342759999989951 0.845865201666689992 0.040620829999999997 1.000000000000000000
-1.119467109999970011 0.765489313333370003 0.042358384999999998 1.000000000000000000
-1.168359297777739947 0.681738632777839970 0.043923695555550001 1.000000000000000000
-1.211019323333319964 0.594613160000019958 0.045316761666670001 1.000000000000000000
-1.247447186666650110 0.504112895000049965 0.046537583333330003 1.000000000000000000
-1.277066982222200053 0.413222488888960016 0.047559220555550001 1.000000000000000000
-1.299878709999999993 0.321941941666689990 0.048381673333330003 1.000000000000000000
-1.315882369999989976 0.230271253333379999 0.049004941666670000 1.000000000000000000
-1.325630653333329967 0.138168982222289988 0.049448081666670002 1.000000000000000000
-1.329123559999999982 0.045635128333360003 0.049711093333330000 1.000000000000000000
-1.327742325000000001 -0.000847590000000000 0.049752535000000001 1.000000000000000000
-0.749674168139120023 1.298527649277309903 0.100190942655870002 1.000000000000000000
-0.791490518096999995 1.271414271868859913 0.101615261821350000 1.000000000000000000
-0.869992616912469985 1.211432852896840107 0.104944957372359995 1.000000000000000000
-0.943364114627620043 1.145696769769690038 0.108755710143420004 1.000000000000000000
-1.011605011242350027 1.074206022487500078 0.113047520134520005 1.000000000000000000
-1.075149665377890029 0.997032883823919969 0.117199414565099996 1.000000000000000000
-1.133998077034289897 0.914177353778850010 0.121211393435150000 1.000000000000000000
-1.188150246211449934 0.825639432352439973 0.125083456744660010 1.000000000000000000
-1.235356748470620047 0.733805897591840006 0.128883202537849989 1.000000000000000000
-1.275617583811819999 0.638676749496979945 0.132610630814710001 1.000000000000000000
-1.308932752234980068 0.540251988068010003 0.136265741575229998 1.000000000000000000
-1.334912422066290016 0.441785334684419995 0.139554617056049990 1.000000000000000000
-1.353556593305760058 0.343276789346129985 0.142477257257160012 1.000000000000000000
-1.364865265953340012 0.244726352053310003 0.145033662178570000 1.000000000000000000
-1.369378092232810040 0.146216410019420012 0.147283603763420007 1.000000000000000000
-1.367095072144139944 0.047746963244389998 0.149227082011710005 1.000000000000000000
-1.362555638915740053 -0.001467512513660000 0.150045589467569990 1.000000000000000000
-0.811703444417359976 1.405950707831919999 0.178328487967619992 1.000000000000000000
-0.854922380957759964 1.375786655606519915 0.179792352130729999 1.000000000000000000
-0.935871495181950008 1.309317674245970009 0.183273594339310009 1.000000000000000000
-1.011331850549550104 1.236707815975689906 0.187308350430260007 1.000000000000000000
-1.081303447060439904 1.157957080795779969 0.191896620403579993 1.000000000000000000
-1.145885125022650053 1.073274718138299999 0.196510790361970000 1.000000000000000000
-1.205076884436230067 0.982660728003190043 0.201150860305450013 1.000000000000000000
-1.258878725301080026 0.886115110390570004 0.205816830233990000 1.000000000000000000
-1.304853474300819993 0.786302377219839976 0.210954825391330009 1.000000000000000000
-1.343001131435469953 0.683222528490910030 0.216564845777449999 1.000000000000000000
-1.373321696704979944 0.576875564203930047 0.222646891392359991 1.000000000000000000
-1.395665072865579948 0.470825761830889977 0.228426968945930009 1.000000000000000000
-1.410031259917279955 0.365073121371690013 0.233905078438159997 1.000000000000000000
-1.416420257860049992 0.259617642826500017 0.239081219869050010 1.000000000000000000
-1.415321447809549937 0.154830803391450000 0.244058484623590005 1.000000000000000000
-1.406734829765760031 0.050712603066450000 0.248836872701780010 1.000000000000000000
-1.398697616747220041 -0.001012177540980000 0.251126628402709995 1.000000000000000000
-0.871292503285539977 1.509151409530649968 0.263119889756640024 1.000000000000000000
-0.916504019041350038 1.476443110425150085 0.263673879812420020 1.000000000000000000
-1.000950185571580109 1.404259804184520011 0.265631892686140014 1.000000000000000000
-1.079419487120419907 1.325309789914230096 0.268439938322020011 1.000000000000000000
-1.151911923687739980 1.239593067614420008 0.272098016720050018 1.000000000000000000
-1.218166160562929923 1.147645211158430101 0.276140347323790003 1.000000000000000000
-1.278182197746029924 1.049466220546199979 0.280566930133219983 1.000000000000000000
-1.331960035236950057 0.945056095777859984 0.285377765148340012 1.000000000000000000
-1.376850627487270051 0.837386862954350053 0.291381298469890027 1.000000000000000000
-1.412853974496999898 0.726458522075580038 0.298577530097859978 1.000000000000000000
-1.439970076266090082 0.612271073141700040 0.306966460032260025 1.000000000000000000
-1.458303021119849996 0.498713042253620009 0.315328544396509980 1.000000000000000000
-1.467852809058280084 0.385784429411240026 0.323663783190639986 1.000000000000000000
-1.468619440081369909 0.273485234614740003 0.331972176414630005 1.000000000000000000
-1.461064936967030103 0.162638043678970001 0.340348711848049990 1.000000000000000000
-1.445189299715260001 0.053242856603850003 0.348793389490899997 1.000000000000000000
-1.433090914020660023 -0.000728735003350000 0.353049799417040011 1.000000000000000000
-0.928441329856609987 1.608129728591950025 0.354565129269930002 1.000000000000000000
-0.976235417124129978 1.573383611275390059 0.353259826103929975 1.000000000000000000
-1.065228672270430055 1.496259219220110070 0.352019833613969990 1.000000000000000000
-1.147627008027970019 1.411502669742660032 0.352150454966050019 1.000000000000000000
-1.223430424396630078 1.319113962843170063 0.353651690160170007 1.000000000000000000
-1.291992755022220107 1.220144344586270080 0.356088066415809978 1.000000000000000000
-1.353313999904790066 1.114593814971879926 0.359459583732989973 1.000000000000000000
-1.407394159044230042 1.002462374000159917 0.363766242111700000 1.000000000000000000
-1.451348191350749994 0.887059342196229950 0.370162602076339997 1.000000000000000000
-1.485176096824339931 0.768384719560009977 0.378648663626930004 1.000000000000000000
-1.508877875464949891 0.646438506091659981 0.389224426763439990 1.000000000000000000
-1.522826252248459911 0.525447168982909996 0.400259322078440005 1.000000000000000000
-1.527021227174840012 0.405410708233659989 0.411753349571939986 1.000000000000000000
-1.521462800244099967 0.286329123844110023 0.423706509243900020 1.000000000000000000
-1.506608548678870063 0.169638128814520006 0.436154262210819987 1.000000000000000000
-1.482458472479120104 0.055337723144820002 0.449096608472709991 1.000000000000000000
-1.465735522061990093 -0.000617185010040000 0.455815078251119998 1.000000000000000000
-0.980417301883629966 1.698147867773039943 0.451139617795550008 1.000000000000000000
-1.031168696483730107 1.661820074574809958 0.447872857209859976 1.000000000000000000
-1.125410855769630070 1.580589929967290086 0.443192605707310006 1.000000000000000000
-1.212392385141189965 1.490785227148690106 0.440365623873619993 1.000000000000000000
-1.292113284598289891 1.392405966119139915 0.439391911708789995 1.000000000000000000
-1.363454943930439978 1.287073124581519901 0.439931657526820008 1.000000000000000000
-1.426417363137659988 1.174786702535709937 0.441984861327720024 1.000000000000000000
-1.481000542219869986 1.055546699981910086 0.445551523111479997 1.000000000000000000
-1.524202675899049897 0.933004298822890044 0.451906600390749980 1.000000000000000000
-1.556023764175209934 0.807159499058559993 0.461050093165519981 1.000000000000000000
-1.576463807048299914 0.678012300689110003 0.472982001435799992 1.000000000000000000
-1.586041415071149929 0.550101285068980039 0.485919918799810002 1.000000000000000000
-1.584756588243730002 0.423426452198070014 0.499863845257560002 1.000000000000000000
-1.572609326566039911 0.297987802076579988 0.514813780809029953 1.000000000000000000
-1.550123387521689988 0.175909106557290001 0.530695044362419988 1.000000000000000000
-1.517298771110640043 0.057190365640110000 0.547507635917729996 1.000000000000000000
-1.495717124221769945 -0.000489027517370000 0.556379595696349982 1.000000000000000000
-1.027220416883630083 1.779205822773040069 0.552843357795550050 1.000000000000000000
-1.081303854817059928 1.741752496241480097 0.547512975543190006 1.000000000000000000
-1.181496734102960078 1.657251932745070100 0.539150211262869994 1.000000000000000000
-1.273715616807860052 1.563157458815360057 0.533085447206960050 1.000000000000000000
-1.357960502931619962 1.459469074452480086 0.529318683375459953 1.000000000000000000
-1.432552726152660050 1.348431548470409913 0.527671122526820024 1.000000000000000000
-1.497492286470990086 1.230044880869050061 0.528142764661050035 1.000000000000000000
-1.552779183886539904 1.104309071648579943 0.530733609778149984 1.000000000000000000
-1.595414080343489971 0.975221731045119999 0.536613294835190047 1.000000000000000000
-1.625396975841880032 0.842782859058559985 0.545781819832189985 1.000000000000000000
-1.642727870381639921 0.706992455689119947 0.558239184769130037 1.000000000000000000
-1.647948508960040082 0.572675389513430000 0.572310334910919982 1.000000000000000000
-1.641058891577060086 0.439831660531409985 0.587995270257560043 1.000000000000000000
-1.622059018232709926 0.308461268743249972 0.605293990809030014 1.000000000000000000
-1.591609452521699941 0.181450976557290006 0.623971057695750009 1.000000000000000000
-1.549710194443979949 0.058800783973450003 0.644026470917730021 1.000000000000000000
-1.523035719221770057 -0.000344262517370000 0.654743350696350035 1.000000000000000000
-1.066400337766489903 1.847062251801770083 0.657146083964739947 1.000000000000000000
-1.123781116443699934 1.808896694346640022 0.650485028221070016 1.000000000000000000
-1.229863170013989926 1.722016371236710031 0.639676221735840045 1.000000000000000000
-1.327265719800100108 1.624586839927049997 0.631380720252729954 1.000000000000000000
-1.415988765801889926 1.516608100417810023 0.625598523771729975 1.000000000000000000
-1.493807991154699977 1.400894528187180077 0.622302222827149976 1.000000000000000000
-1.560723395858560014 1.277446123235050024 0.621491817418969972 1.000000000000000000
-1.616734979913359904 1.146262885561609934 0.623167307547199956 1.000000000000000000
-1.658970257448169949 1.011657205124300019 0.628266481598929949 1.000000000000000000
-1.687429228462969943 0.873629081923010031 0.636789339574170055 1.000000000000000000
-1.702111892957729911 0.732178515957940035 0.648735881472889964 1.000000000000000000
-1.703454511245380054 0.592361187202700035 0.662701786396669990 1.000000000000000000
-1.691457083325889954 0.454177095657190000 0.678687054345510021 1.000000000000000000
-1.666119609199290030 0.317626241321600000 0.696691685319379972 1.000000000000000000
-1.628282269665539905 0.186303170764610004 0.716354979331769948 1.000000000000000000
-1.577945064724600055 0.060207883986130001 0.737676936382679949 1.000000000000000000
-1.546526529550549922 -0.000225867513800000 0.749167246427389966 1.000000000000000000
-1.097957060873089974 1.901717148522469980 0.764047797550640007 1.000000000000000000
-1.158600477687870001 1.863252662751949895 0.756789016842839946 1.000000000000000000
-1.270510159797390015 1.774883239731360085 0.744770639319069949 1.000000000000000000
-1.373042690386810039 1.675073365231189992 0.735251445687149952 1.000000000000000000
-1.466198069455999953 1.563823039251579949 0.728231435947089945 1.000000000000000000
-1.547220735172160078 1.444462059462020109 0.723824961735780037 1.000000000000000000
-1.616110687535319945 1.316990425862399894 0.722032023053220007 1.000000000000000000
-1.672867926545390072 1.181408138452900047 0.722852619899419957 1.000000000000000000
-1.714871203538550049 1.042310718285089921 0.726866164016280014 1.000000000000000000
-1.742120518514830074 0.899698165358860047 0.734072655403830043 1.000000000000000000
-1.754615871474159983 0.753570479674430027 0.744472094062060052 1.000000000000000000
-1.752559418854640061 0.609158676750410022 0.757094275177569997 1.000000000000000000
-1.735951160656250103 0.466462756586709992 0.771939198750379973 1.000000000000000000
-1.704791096879000101 0.325482719183539992 0.789006864780469996 1.000000000000000000
-1.660141836642859969 0.190465688848190012 0.807846808842260011 1.000000000000000000
-1.602003379947769979 0.061411665580569999 0.828459030935750018 1.000000000000000000
-1.566189553370759935 -0.000133842519330000 0.839651280998349958 1.000000000000000000
-1.120635230430059970 1.940995726414660005 0.868440584717420028 1.000000000000000000
-1.183916399294729915 1.902460248891159944 0.861996381050070037 1.000000000000000000
-1.300540680421149897 1.813259265861739911 0.851207515222000000 1.000000000000000000
-1.407226904944590018 1.711928254849879982 0.842518190900589992 1.000000000000000000
-1.503975072864919937 1.598467215855710055 0.835928408085850005 1.000000000000000000
-1.587610798117059963 1.476585652731480014 0.831608791226600030 1.000000000000000000
-1.658134080701060054 1.346283565477069954 0.829559340322839955 1.000000000000000000
-1.715544920616820068 1.207560954092679939 0.829780055374570003 1.000000000000000000
-1.757460984219300082 1.065231645777410030 0.832567976134960031 1.000000000000000000
-1.783882271508500095 0.919295640531159974 0.837923102604030023 1.000000000000000000
-1.794808782484389909 0.769752938354129945 0.845845434781759997 1.000000000000000000
-1.790212478569829901 0.621950415071100049 0.855750739284150019 1.000000000000000000
-1.770093359764800089 0.475888070681959985 0.867639016111209971 1.000000000000000000
-1.734451426069310020 0.331565905186919974 0.881510265262919979 1.000000000000000000
-1.684537639404680043 0.193726936034989999 0.896940063384680020 1.000000000000000000
-1.620351999770849982 0.062371163226080002 0.913928410476499975 1.000000000000000000
-1.581123253469340018 -0.000065125006810000 0.923201858507439965 1.000000000000000000
-1.134434834602080056 1.964897964980530043 0.970324418604390004 1.000000000000000000
-1.199728868345979915 1.926519432447610036 0.966107094803420052 1.000000000000000000
-1.319954717034079961 1.837144429984189919 0.958986824866350007 1.000000000000000000
-1.429818346922439920 1.735151490123149953 0.953180932594160035 1.000000000000000000
-1.529319758010899921 1.620540612864640018 0.948689417986860017 1.000000000000000000
-1.614978160919460004 1.497265292046259910 0.945653689939459974 1.000000000000000000
-1.686793555648159915 1.365325527667889949 0.944073748451970007 1.000000000000000000
-1.744765942196889963 1.224721319729729974 0.943949593524399999 1.000000000000000000
-1.786739579684800017 1.080419976532779991 0.945371897700060027 1.000000000000000000
-1.812714468111900068 0.932421498076939970 0.948340660978979955 1.000000000000000000
-1.822690607478139935 0.780725884362419964 0.952855883361140021 1.000000000000000000
-1.816413673108870031 0.630736396210609951 0.958671158108929999 1.000000000000000000
-1.793883665004049943 0.482453033621390026 0.965786485222359992 1.000000000000000000
-1.755100583163700101 0.335875796594999998 0.974201864701429998 1.000000000000000000
-1.701469666722100094 0.196086910893399996 0.983634719849669992 1.000000000000000000
-1.632990915679179977 0.063086376516499995 0.994085050667099956 1.000000000000000000
-1.591327622857080071 -0.000019715009540000 0.999818953910409980 1.000000000000000000
-1.140671047818520023 1.975699968051580102 1.070640053800610003 1.000000000000000000
-1.206898813686690053 1.937408468880839951 1.068962679782559988 1.000000000000000000
-1.328799915691369904 1.847985721917579927 1.066106190560849987 1.000000000000000000
-1.440146587964370006 1.745723226332509981 1.063747960153549998 1.000000000000000000
-1.540938830505520052 1.630620982125770002 1.061887988560660023 1.000000000000000000
-1.627555865808590019 1.506738767082610009 1.060593494699670014 1.000000000000000000
-1.699997693873610105 1.374076581202940073 1.059864478570569979 1.000000000000000000
-1.758264314700469955 1.232634424486940050 1.059700940173369910 1.000000000000000000
-1.800299139129369896 1.087448089438479926 1.060093830061969999 1.000000000000000000
-1.826102167160299938 0.938517576057460001 1.061043148236350042 1.000000000000000000
-1.835673398793230104 0.785842884344089998 1.062548894696530022 1.000000000000000000
-1.828657325133570044 0.634852647632950018 1.064572038312920021 1.000000000000000000
-1.805053946181280011 0.485546865923919990 1.067112579085530033 1.000000000000000000
-1.764863261936399974 0.337925539217240001 1.070170517014360057 1.000000000000000000
-1.709559128514130055 0.197221964188340010 1.073631434552730024 1.000000000000000000
-1.639141545914390097 0.063436140837130006 1.077495331700659920 1.000000000000000000
-1.596376030025810078 0.000002105000420000 1.079628770079390065 1.000000000000000000
-1.139343862818519959 1.973401723051579904 1.169387488800609942 1.000000000000000000
-1.205426227020020002 1.935127345547509981 1.170563134782560022 1.000000000000000000
-1.327076266246919989 1.845783129139809908 1.172565611671960051 1.000000000000000000
-1.438211616297699891 1.743643451332510086 1.174219273486879933 1.000000000000000000
-1.538832277172190066 1.628708312125769941 1.175524120227330105 1.000000000000000000
-1.625343898586369962 1.505006067082609977 1.176428206366330054 1.000000000000000000
-1.697746480540279990 1.372536716202940044 1.176931531903909978 1.000000000000000000
-1.756040023033800024 1.231300259486939996 1.177034096840039901 1.000000000000000000
-1.798139647462700053 1.086315976660710003 1.176733775061969967 1.000000000000000000
-1.824045353826970084 0.937583867724130049 1.176030566569689961 1.000000000000000000
-1.833757142126559936 0.785103932677419958 1.174924471363189893 1.000000000000000000
-1.826943421244680010 0.634299164855170017 1.173453382757370100 1.000000000000000000
-1.803604191181279903 0.485169564257259989 1.171617300752199942 1.000000000000000000
-1.763739451936400027 0.337715130883909975 1.169416225347700067 1.000000000000000000
-1.708806016291910090 0.197132094743890013 1.166930210663849943 1.000000000000000000
-1.638803884247729936 0.063420455837130005 1.164159256700660006 1.000000000000000000
-1.596268470025810071 0.000000335000420000 1.162631310079389912 1.000000000000000000
-1.130301167024720055 1.957739750336940032 1.268674223046970084 1.000000000000000000
-1.195553726600159905 1.919713914374060026 1.272202011713789993 1.000000000000000000
-1.315817992558439897 1.831110477606390008 1.278232839183740088 1.000000000000000000
-1.425841405324119959 1.729955275996770014 1.283238916789980033 1.000000000000000000
-1.525623964897010021 1.616248309545369910 1.287220244532510049 1.000000000000000000
-1.611701784269460092 1.493832205010600100 1.290031137707559949 1.000000000000000000
-1.684074863441499925 1.362706962392340015 1.291671596315139947 1.000000000000000000
-1.742743202413030046 1.222872581690789939 1.292141620355220066 1.000000000000000000
-1.785469279036689949 1.079241199625929903 1.291415370120279960 1.000000000000000000
-1.812253093312480079 0.931812816197640004 1.289492845610310079 1.000000000000000000
-1.823094645240360023 0.780587431406139953 1.286374046825299988 1.000000000000000000
-1.817772233656369973 0.630956719988929993 1.282178720130729976 1.000000000000000000
-1.796285858560479953 0.482920681945899988 1.276906865526580059 1.000000000000000000
-1.758635519952709947 0.336479317277269985 1.270558483012860007 1.000000000000000000
-1.706177747049310023 0.196621016918489988 1.263355788954189984 1.000000000000000000
-1.638912539850180039 0.063345780869450002 1.255298783350579983 1.000000000000000000
-1.597876219102770001 -0.000000305000130000 1.250843124776300108 1.000000000000000000
-1.113542953030209892 1.928714037078490096 1.368500257057410074 1.000000000000000000
-1.177281304363170022 1.891168162753469995 1.373879310613149940 1.000000000000000000
-1.295025085472689907 1.803967755346060020 1.383107872335680000 1.000000000000000000
-1.403035945025780107 1.704658689181230091 1.390806888669229968 1.000000000000000000
-1.501313883022280082 1.593240964259150072 1.396976359613810059 1.000000000000000000
-1.586629511884900090 1.473217171803059999 1.401402286580849976 1.000000000000000000
-1.658982831613690090 1.344587311812849961 1.404084669570349941 1.000000000000000000
-1.718373842208529956 1.207351384288730012 1.405023508582309955 1.000000000000000000
-1.762288023760899991 1.066223752629199995 1.404138613356890053 1.000000000000000000
-1.790725376270809965 0.921204416834140005 1.401429983894080022 1.000000000000000000
-1.803685899738209919 0.772293376903779971 1.396897620193890077 1.000000000000000000
-1.801143755209630104 0.624825310356809993 1.390748050283239889 1.000000000000000000
-1.783098942685019894 0.478800217193119992 1.382981274162109919 1.000000000000000000
-1.749551462164419924 0.334218097412940007 1.373597291830529921 1.000000000000000000
-1.701674318986170054 0.195688730307759989 1.362908172425500108 1.000000000000000000
-1.639467513150210110 0.063212115877469999 1.350913915947010047 1.000000000000000000
-1.601199278903389978 0.000000184999840000 1.344264219171040109 1.000000000000000000
-1.089648373378359958 1.887327632011720047 1.465700029465160092 1.000000000000000000
-1.151459204843650053 1.850524765073449984 1.472671758271610010 1.000000000000000000
-1.266005070056640092 1.765390632669850079 1.484697562346710020 1.000000000000000000
-1.371475137552010004 1.668728101739129999 1.494805712883990001 1.000000000000000000
-1.467869407329579934 1.560537172281450058 1.502996209883429968 1.000000000000000000
-1.552259562623540035 1.443880679442409942 1.509004765575989948 1.000000000000000000
-1.624645603433910068 1.318758623221889970 1.512831379961649958 1.000000000000000000
-1.685027529760589893 1.185171003620079988 1.514476053040409997 1.000000000000000000
-1.730599331130709961 1.047566170449379941 1.513770934011609892 1.000000000000000000
-1.761361007544270052 0.905944123709660043 1.510716022875240094 1.000000000000000000
-1.777312559001239967 0.760304863401140008 1.505311319631309930 1.000000000000000000
-1.778609915734149949 0.615898090109770036 1.497855572864559948 1.000000000000000000
-1.765253077742970023 0.472723803835439993 1.488348782574979934 1.000000000000000000
-1.737242045027739934 0.330782004578369981 1.476790948762580102 1.000000000000000000
-1.695541821817879935 0.194189741668950006 1.463540706426480043 1.000000000000000000
-1.640152408113350058 0.062947015107100004 1.448598055566659992 1.000000000000000000
-1.605613106013759950 0.000000420000010000 1.440280525874890083 1.000000000000000000
-1.058617425240210075 1.833580530236539996 1.560273513790749966 1.000000000000000000
-1.118087425179290051 1.797783716571250023 1.568579327517160005 1.000000000000000000
-1.228757943402579933 1.715379105114980041 1.583001880892900060 1.000000000000000000
-1.331158979970979983 1.622163509533010028 1.595235360191550100 1.000000000000000000
-1.425290534884309901 1.518136929825470105 1.605279765413089921 1.000000000000000000
-1.508591933576930000 1.405822724503660082 1.612838544345960079 1.000000000000000000
-1.581063176048850050 1.285220893567480038 1.617911696990159909 1.000000000000000000
-1.642704262299979900 1.156331437017120045 1.620499223345680084 1.000000000000000000
-1.690403198542469898 1.023268450796130047 1.620312302063569909 1.000000000000000000
-1.724159984776330035 0.886031934904390028 1.617350933143810066 1.000000000000000000
-1.743974621001509906 0.744621889342120036 1.611615116586410101 1.000000000000000000
-1.750170713551610024 0.604175058035369972 1.603501260414710083 1.000000000000000000
-1.742748262426589978 0.464691440984050019 1.593009364628680036 1.000000000000000000
-1.721707267626489957 0.326171038188350026 1.580139429228339942 1.000000000000000000
-1.687780255061350099 0.192124050681780012 1.565253368101499953 1.000000000000000000
-1.640967224731129992 0.062550478464220002 1.548351181248140085 1.000000000000000000
-1.611117700683480036 0.000000400000010000 1.538892024958200100 1.000000000000000000
-1.022966184497750008 1.771830710110920082 1.655089258279119901 1.000000000000000000
-1.080089974510940021 1.737204773796769963 1.664174669031400100 1.000000000000000000
-1.186888966736620032 1.657922310864810012 1.680056985787649948 1.000000000000000000
-1.286239371161620015 1.568609257629169917 1.693650797795549945 1.000000000000000000
-1.378141187785759891 1.469265614089980021 1.704956105055110083 1.000000000000000000
-1.460426624236399906 1.361843296853300078 1.713672836723910020 1.000000000000000000
-1.533095680513580028 1.246342305919029947 1.719800992801949979 1.000000000000000000
-1.596148356617179909 1.122762641287349927 1.723340573289229960 1.000000000000000000
-1.646259173146400023 0.994860782262000032 1.723898370717370065 1.000000000000000000
-1.683428130101229936 0.862636728842860023 1.721474385086350090 1.000000000000000000
-1.707655227481629900 0.726090481030149948 1.716068616396180024 1.000000000000000000
-1.719330946966519891 0.590213467221049948 1.708137249083429898 1.000000000000000000
-1.718455288555879923 0.455005687415459992 1.697680283148079949 1.000000000000000000
-1.705028252249709997 0.320467141613590023 1.684697718590159932 1.000000000000000000
-1.679598316152409954 0.189457392565330007 1.669521853765479902 1.000000000000000000
-1.642165480263940047 0.061976440270590002 1.652152688674040082 1.000000000000000000
-1.617447612424119940 0.000000362500020000 1.642371455994950047 1.000000000000000000
-0.982694644497750014 1.702078160110920058 1.750147263279119958 1.000000000000000000
-1.037466846177609980 1.668787925463429911 1.759457782364739931 1.000000000000000000
-1.140398133403289993 1.593020239198140064 1.775862875232089966 1.000000000000000000
-1.236716304494950069 1.508065335962500031 1.790052022795550091 1.000000000000000000
-1.326421359452429893 1.413923215756639928 1.802025225055110091 1.000000000000000000
-1.407763628125290101 1.311942387964410095 1.811507638390579933 1.000000000000000000
-1.480743110513579985 1.202122852585699952 1.818499262801950067 1.000000000000000000
-1.545359806617180087 1.084464609620680031 1.823000098289230042 1.000000000000000000
-1.598167249257500089 0.962343158928659959 1.824529135717370076 1.000000000000000000
-1.639165438434559974 0.835758500509530045 1.823086375086349964 1.000000000000000000
-1.668354374148290020 0.704710634363480026 1.818671816396179919 1.000000000000000000
-1.686090612522070042 0.574013314443259981 1.811763537416759995 1.000000000000000000
-1.692374153555880056 0.443666540748789973 1.802361538148079978 1.000000000000000000
-1.687204997249710070 0.313670313280260016 1.790465818590150082 1.000000000000000000
-1.670996004485739928 0.186189766454220001 1.776346167098810103 1.000000000000000000
-1.643747175263930105 0.061224900270580002 1.760002583674040055 1.000000000000000000
-1.624602842424119897 0.000000307500020000 1.750718825994949990 1.000000000000000000
-0.941892651119660029 1.631406780420179947 1.850772478584949976 1.000000000000000000
-0.994698421736299965 1.599463044057539918 1.859645467347339931 1.000000000000000000
-1.094416797178390022 1.527194987143059901 1.875385993625140024 1.000000000000000000
-1.188242006829270059 1.446546346039369935 1.889121068655950086 1.000000000000000000
-1.276174050688789974 1.357517120746599915 1.900850692439749912 1.000000000000000000
-1.356859616944279923 1.260896122854809898 1.910342281620099891 1.000000000000000000
-1.430298705595780095 1.156683352363919948 1.917595836196990033 1.000000000000000000
-1.496491316643189906 1.044878809274079945 1.922611356170430108 1.000000000000000000
-1.552002242252819908 0.928531242024850045 1.924895287349289941 1.000000000000000000
-1.596831482424690085 0.807640650616110012 1.924447629733559983 1.000000000000000000
-1.630979037158750033 0.682207035048060018 1.921268383323259998 1.000000000000000000
-1.654648983505170090 0.556819378204419957 1.915791903716570044 1.000000000000000000
-1.667841321463970017 0.431477680085079973 1.908018190913499890 1.000000000000000000
-1.670556051035110068 0.306181940690230026 1.897947244914049980 1.000000000000000000
-1.663158307202960096 0.182454568583619997 1.885789931573129907 1.000000000000000000
-1.645648089967489902 0.060295563765150002 1.871546250890729901 1.000000000000000000
-1.631836744648099913 0.000000245000030000 1.863381226878799923 1.000000000000000000
-0.900560203599599984 1.559816569715599899 1.956964912213400076 1.000000000000000000
-0.951784700977789999 1.529230128271509948 1.964737731041809932 1.000000000000000000
-1.048944958795589910 1.460446553370190026 1.978626346319610096 1.000000000000000000
-1.140816479674799933 1.384052286455679903 1.990857939218400041 1.000000000000000000
-1.227399263615279956 1.300047327528119911 2.001432509738170218 1.000000000000000000
-1.307714593226320110 1.208704499875189908 2.010176767852250190 1.000000000000000000
-1.381762468507959918 1.110023803496819950 2.017090713560639959 1.000000000000000000
-1.449542889460089912 1.004005238393159916 2.022174346863319983 1.000000000000000000
-1.507764154907099918 0.893425029686769956 2.024996825232079800 1.000000000000000000
-1.556426264849009922 0.778283177377560031 2.025558148666930069 1.000000000000000000
-1.595529219285729994 0.658579681465700006 2.023858317167860132 1.000000000000000000
-1.625006062505959914 0.538631657073449954 2.020222348561859782 1.000000000000000000
-1.644856794509699904 0.418439104200720002 2.014650242848909922 1.000000000000000000
-1.655081415296909997 0.298002022847690007 2.007142000029030093 1.000000000000000000
-1.656085225405109940 0.178251798280229995 1.997853150960450019 1.000000000000000000
-1.647868224834279971 0.059188430498239998 1.986783695643149938 1.000000000000000000
-1.639149319209340039 0.000000175000030000 1.980358664860150109 1.000000000000000000
-0.866492542953109957 1.500809400605400024 2.073546055481759964 1.000000000000000000
-0.916602509039029956 1.471292226134079950 2.079602678057990151 1.000000000000000000
-1.011967882219140025 1.405272986725760065 2.090483252459789831 1.000000000000000000
-1.102478696407479974 1.332268856851730021 2.100131156110939923 1.000000000000000000
-1.188134951603939893 1.252279836512119937 2.108546389011419997 1.000000000000000000
-1.268262011050830029 1.165168292770240033 2.115611989473749954 1.000000000000000000
-1.342859874748199900 1.070934225625999936 2.121327957497959993 1.000000000000000000
-1.411928542695930044 0.969577635079549971 2.125694293084010145 1.000000000000000000
-1.472365453969189941 0.863703088658430040 2.128384601730469949 1.000000000000000000
-1.524170608568020002 0.753310586362559986 2.129398883437339851 1.000000000000000000
-1.567344006492340069 0.638400128192100014 2.128737138204599866 1.000000000000000000
-1.601535422579670076 0.523016592031069982 2.126611529688770208 1.000000000000000000
-1.626744856830000030 0.407159977879370027 2.123022057889830005 1.000000000000000000
-1.642972309243319939 0.290830285737180005 2.117968722807789916 1.000000000000000000
-1.650704455049609942 0.174499271287980012 2.111559013347430014 1.000000000000000000
-1.649941294248860046 0.058166934531680002 2.103792929508740084 1.000000000000000000
-1.645312060544970034 0.000000105000030000 2.099231700400240097 1.000000000000000000
-0.839689689561279984 1.454385308390840015 2.200515897863569936 1.000000000000000000
-0.889151867352739989 1.425649372205979981 2.204240297246399916 1.000000000000000000
-0.983485590594739945 1.361674319897230090 2.210956699675830084 1.000000000000000000
-1.073228681495820069 1.291196087649429947 2.216940705769030018 1.000000000000000000
-1.158381140055839920 1.214214675462689907 2.222192315525989947 1.000000000000000000
-1.238501896169770022 1.130287526529750064 2.226647930589380042 1.000000000000000000
-1.313590949837670108 1.039414640850500060 2.230307550959179874 1.000000000000000000
-1.383648301059410057 0.941596018425109982 2.233171176635400101 1.000000000000000000
-1.445806162784970095 0.839365435118689995 2.235058597552249893 1.000000000000000000
-1.500064535014389966 0.732722890931160054 2.235969813709750120 1.000000000000000000
-1.546423417747579965 0.621668385862670037 2.235904825107870142 1.000000000000000000
-1.584237079728679998 0.509974191146939981 2.234959424854559895 1.000000000000000000
-1.613505520957700057 0.397640306783880015 2.233133612949799840 1.000000000000000000
-1.634228741434599952 0.284666732773660003 2.230427389393600190 1.000000000000000000
-1.647016000270909997 0.171196989263889987 2.226907494204299898 1.000000000000000000
-1.651867297466629969 0.057231076254500003 2.222573927381879866 1.000000000000000000
-1.650324965244190034 0.000000035000030000 2.220000308154120194 1.000000000000000000
-0.826630429671510014 1.431147930024299963 2.332000374720419877 1.000000000000000000
-0.876265670861040014 1.402488620325760049 2.333279519281730163 1.000000000000000000
-0.970919026725650003 1.338766046064610027 2.335596678728419917 1.000000000000000000
-1.060955256075780007 1.268639516939380041 2.337672708499189955 1.000000000000000000
-1.146374358911290026 1.192109032950160019 2.339507608594019850 1.000000000000000000
-1.226441344515420084 1.109487731558419954 2.341082920661880173 1.000000000000000000
-1.301156212888229913 1.020775612764079909 2.342398644702750055 1.000000000000000000
-1.370518964029600051 0.925972676567270003 2.343454780716640151 1.000000000000000000
-1.432568062737840098 0.826945486352249959 2.344197769763240125 1.000000000000000000
-1.487303509012980030 0.723694042118950054 2.344627611842560189 1.000000000000000000
-1.534725302854939910 0.616218343867509954 2.344744306954579915 1.000000000000000000
-1.574195517447769976 0.507152815892690012 2.344566659006260156 1.000000000000000000
-1.605714152791489990 0.396497458194379981 2.344094667997600023 1.000000000000000000
-1.629281208886040000 0.284252270772759996 2.343328333928579976 1.000000000000000000
-1.644993877392989967 0.171208179515359993 2.342290839599260099 1.000000000000000000
-1.652852158312350106 0.057365184422069997 2.340982185009619965 1.000000000000000000
-1.652854104978219940 0.000044234957530000 2.340192277584640212 1.000000000000000000
-0.826972609999999997 1.431122620000000012 2.399999999999999911 1.000000000000000000
-0.877104809999949997 1.402149316666700063 2.399999999999999911 1.000000000000000000
-0.972593625555490005 1.337657124444499912 2.399999999999999911 1.000000000000000000
-1.063306856666649924 1.266619346666689960 2.399999999999999911 1.000000000000000000
-1.149244503333290091 1.189035983333369906 2.399999999999999911 1.000000000000000000
-1.229260869999940109 1.106128330000059945 2.399999999999999911 1.000000000000000000
-1.303355956666649940 1.017896386666689912 2.399999999999999911 1.000000000000000000
-1.371529763333299901 0.924340153333380043 2.399999999999999911 1.000000000000000000
-1.432609621111069931 0.826694375555629968 2.399999999999999911 1.000000000000000000
-1.486595529999990006 0.724959053333359971 2.399999999999999911 1.000000000000000000
-1.533487489999979969 0.619134186666720043 2.399999999999999911 1.000000000000000000
-1.572803132222200029 0.510852654444529986 2.399999999999999911 1.000000000000000000
-1.604542456666659955 0.400114456666689988 2.399999999999999911 1.000000000000000000
-1.628705463333320003 0.286919593333390011 2.399999999999999911 1.000000000000000000
-1.644815983333330012 0.172870515555640009 2.399999999999999911 1.000000000000000000
-1.652874016666669998 0.057967223333359998 2.399999999999999911 1.000000000000000000
-1.652876790000000096 0.000088470000000000 2.399999999999999911 1.000000000000000000
1
