3
2 2
17 8
0.000000000000000000 0.000000000000000000 0.000000000000000000 0.067000000000000004 0.133000000000000007 0.200000000000000011 0.267000000000000015 0.333000000000000018 0.400000000000000022 0.467000000000000026 0.533000000000000029 0.599999999999999978 0.667000000000000037 0.732999999999999985 0.800000000000000044 0.866999999999999993 0.933000000000000052 1.000000000000000000 1.000000000000000000 1.000000000000000000
0.000000000000000000 0.000000000000000000 0.000000000000000000 0.167000000000000010 0.333000000000000018 0.500000000000000000 0.667000000000000037 0.832999999999999963 1.000000000000000000 1.000000000000000000 1.000000000000000000
0.655490119999999954 1.135342169999999928 -1.000000000000000000 1.000000000000000000
0.615713700000039998 1.158307096666640001 -1.000000000000000000 1.000000000000000000
0.533557213333400004 1.198389071111080062 -1.000000000000000000 1.000000000000000000
0.448797080000019999 1.232623166666660053 -1.000000000000000000 1.000000000000000000
0.361433300000039981 1.261009383333320022 -1.000000000000000000 1.000000000000000000
0.272738611111179974 1.283134179999990021 -1.000000000000000000 1.000000000000000000
0.182713013333360014 1.298997556666660058 -1.000000000000000000 1.000000000000000000
0.091356506666709997 1.308599513333329911 -1.000000000000000000 1.000000000000000000
0.000000002222290000 1.311800165555560005 -1.000000000000000000 1.000000000000000000
-0.091356499999979995 1.308599513333339903 -1.000000000000000000 1.000000000000000000
-0.182712999999949999 1.298997556666670050 -1.000000000000000000 1.000000000000000000
-0.272738593333269996 1.283134181111130090 -1.000000000000000000 1.000000000000000000
-0.361433279999979984 1.261009386666670062 -1.000000000000000000 1.000000000000000000
-0.448797059999960002 1.232623173333349920 -1.000000000000000000 1.000000000000000000
-0.533557193333270008 1.198389080000030082 -1.000000000000000000 1.000000000000000000
-0.615713679999979946 1.158307106666679909 -1.000000000000000000 1.000000000000000000
-0.655490099999999964 1.135342180000000090 -1.000000000000000000 1.000000000000000000
0.655490119999999954 1.135342169999999928 -0.916666619999999988 1.000000000000000000
0.615713700000039998 1.158307096666640001 -0.916666619999999988 1.000000000000000000
0.533557213333400004 1.198389071111080062 -0.916666619999999988 1.000000000000000000
0.448797080000019999 1.232623166666660053 -0.916666619999999988 1.000000000000000000
0.361433300000039981 1.261009383333320022 -0.916666619999999988 1.000000000000000000
0.272738611111179974 1.283134179999990021 -0.916666619999999988 1.000000000000000000
0.182713013333360014 1.298997556666660058 -0.916666619999999988 1.000000000000000000
0.091356506666709997 1.308599513333329911 -0.916666619999999988 1.000000000000000000
0.000000002222290000 1.311800165555560005 -0.916666619999999988 1.000000000000000000
-0.091356499999979995 1.308599513333339903 -0.916666619999999988 1.000000000000000000
-0.182712999999949999 1.298997556666670050 -0.916666619999999988 1.000000000000000000
-0.272738593333269996 1.283134181111130090 -0.916666619999999988 1.000000000000000000
-0.361433279999979984 1.261009386666670062 -0.916666619999999988 1.000000000000000000
-0.448797059999960002 1.232623173333349920 -0.916666619999999988 1.000000000000000000
-0.533557193333270008 1.198389080000030082 -0.916666619999999988 1.000000000000000000
-0.615713679999979946 1.158307106666679909 -0.916666619999999988 1.000000000000000000
-0.655490099999999964 1.135342180000000090 -0.916666619999999988 1.000000000000000000
0.655490119999999954 1.135342169999999928 -0.750000000000000000 1.000000000000000000
0.615713700000039998 1.158307096666640001 -0.750000000000000000 1.000000000000000000
0.533557213333400004 1.198389071111080062 -0.750000000000000000 1.000000000000000000
0.448797080000019999 1.232623166666660053 -0.750000000000000000 1.000000000000000000
0.361433300000039981 1.261009383333320022 -0.750000000000000000 1.000000000000000000
0.272738611111179974 1.283134179999990021 -0.750000000000000000 1.000000000000000000
0.182713013333360014 1.298997556666660058 -0.750000000000000000 1.000000000000000000
0.091356506666709997 1.308599513333329911 -0.750000000000000000 1.000000000000000000
0.000000002222290000 1.311800165555560005 -0.750000000000000000 1.000000000000000000
-0.091356499999979995 1.308599513333339903 -0.750000000000000000 1.000000000000000000
-0.182712999999949999 1.298997556666670050 -0.750000000000000000 1.000000000000000000
-0.272738593333269996 1.283134181111130090 -0.750000000000000000 1.000000000000000000
-0.361433279999979984 1.261009386666670062 -0.750000000000000000 1.000000000000000000
-0.448797059999960002 1.232623173333349920 -0.750000000000000000 1.000000000000000000
-0.533557193333270008 1.198389080000030082 -0.750000000000000000 1.000000000000000000
-0.615713679999979946 1.158307106666679909 -0.750000000000000000 1.000000000000000000
-0.655490099999999964 1.135342180000000090 -0.750000000000000000 1.000000000000000000
0.655490119999999954 1.135342169999999928 -0.583333380000000012 1.000000000000000000
0.615713700000039998 1.158307096666640001 -0.583333380000000012 1.000000000000000000
0.533557213333400004 1.198389071111080062 -0.583333380000000012 1.000000000000000000
0.448797080000019999 1.232623166666660053 -0.583333380000000012 1.000000000000000000
0.361433300000039981 1.261009383333320022 -0.583333380000000012 1.000000000000000000
0.272738611111179974 1.283134179999990021 -0.583333380000000012 1.000000000000000000
0.182713013333360014 1.298997556666660058 -0.583333380000000012 1.000000000000000000
0.091356506666709997 1.308599513333329911 -0.583333380000000012 1.000000000000000000
0.000000002222290000 1.311800165555560005 -0.583333380000000012 1.000000000000000000
-0.091356499999979995 1.308599513333339903 -0.583333380000000012 1.000000000000000000
-0.182712999999949999 1.298997556666670050 -0.583333380000000012 1.000000000000000000
-0.272738593333269996 1.283134181111130090 -0.583333380000000012 1.000000000000000000
-0.361433279999979984 1.261009386666670062 -0.583333380000000012 1.000000000000000000
-0.448797059999960002 1.232623173333349920 -0.583333380000000012 1.000000000000000000
-0.533557193333270008 1.198389080000030082 -0.583333380000000012 1.000000000000000000
-0.615713679999979946 1.158307106666679909 -0.583333380000000012 1.000000000000000000
-0.655490099999999964 1.135342180000000090 -0.583333380000000012 1.000000000000000000
0.655490119999999954 1.135342169999999928 -0.416666619999999988 1.000000000000000000
0.615713700000039998 1.158307096666640001 -0.416666619999999988 1.000000000000000000
0.533557213333400004 1.198389071111080062 -0.416666619999999988 1.000000000000000000
0.448797080000019999 1.232623166666660053 -0.416666619999999988 1.000000000000000000
0.361433300000039981 1.261009383333320022 -0.416666619999999988 1.000000000000000000
0.272738611111179974 1.283134179999990021 -0.416666619999999988 1.000000000000000000
0.182713013333360014 1.298997556666660058 -0.416666619999999988 1.000000000000000000
0.091356506666709997 1.308599513333329911 -0.416666619999999988 1.000000000000000000
0.000000002222290000 1.311800165555560005 -0.416666619999999988 1.000000000000000000
-0.091356499999979995 1.308599513333339903 -0.416666619999999988 1.000000000000000000
-0.182712999999949999 1.298997556666670050 -0.416666619999999988 1.000000000000000000
-0.272738593333269996 1.283134181111130090 -0.416666619999999988 1.000000000000000000
-0.361433279999979984 1.261009386666670062 -0.416666619999999988 1.000000000000000000
-0.448797059999960002 1.232623173333349920 -0.416666619999999988 1.000000000000000000
-0.533557193333270008 1.198389080000030082 -0.416666619999999988 1.000000000000000000
-0.615713679999979946 1.158307106666679909 -0.416666619999999988 1.000000000000000000
-0.655490099999999964 1.135342180000000090 -0.416666619999999988 1.000000000000000000
0.655490119999999954 1.135342169999999928 -0.250000000000000000 1.000000000000000000
0.615713700000039998 1.158307096666640001 -0.250000000000000000 1.000000000000000000
0.533557213333400004 1.198389071111080062 -0.250000000000000000 1.000000000000000000
0.448797080000019999 1.232623166666660053 -0.250000000000000000 1.000000000000000000
0.361433300000039981 1.261009383333320022 -0.250000000000000000 1.000000000000000000
0.272738611111179974 1.283134179999990021 -0.250000000000000000 1.000000000000000000
0.182713013333360014 1.298997556666660058 -0.250000000000000000 1.000000000000000000
0.091356506666709997 1.308599513333329911 -0.250000000000000000 1.000000000000000000
0.000000002222290000 1.311800165555560005 -0.250000000000000000 1.000000000000000000
-0.091356499999979995 1.308599513333339903 -0.250000000000000000 1.000000000000000000
-0.182712999999949999 1.298997556666670050 -0.250000000000000000 1.000000000000000000
-0.272738593333269996 1.283134181111130090 -0.250000000000000000 1.000000000000000000
-0.361433279999979984 1.261009386666670062 -0.250000000000000000 1.000000000000000000
-0.448797059999960002 1.232623173333349920 -0.250000000000000000 1.000000000000000000
-0.533557193333270008 1.198389080000030082 -0.250000000000000000 1.000000000000000000
-0.615713679999979946 1.158307106666679909 -0.250000000000000000 1.000000000000000000
-0.655490099999999964 1.135342180000000090 -0.250000000000000000 1.000000000000000000
0.655490119999999954 1.135342169999999928 -0.083333379999999999 1.000000000000000000
0.615713700000039998 1.158307096666640001 -0.083333379999999999 1.000000000000000000
0.533557213333400004 1.198389071111080062 -0.083333379999999999 1.000000000000000000
0.448797080000019999 1.232623166666660053 -0.083333379999999999 1.000000000000000000
0.361433300000039981 1.261009383333320022 -0.083333379999999999 1.000000000000000000
0.272738611111179974 1.283134179999990021 -0.083333379999999999 1.000000000000000000
0.182713013333360014 1.298997556666660058 -0.083333379999999999 1.000000000000000000
0.091356506666709997 1.308599513333329911 -0.083333379999999999 1.000000000000000000
0.000000002222290000 1.311800165555560005 -0.083333379999999999 1.000000000000000000
-0.091356499999979995 1.308599513333339903 -0.083333379999999999 1.000000000000000000
-0.182712999999949999 1.298997556666670050 -0.083333379999999999 1.000000000000000000
-0.272738593333269996 1.283134181111130090 -0.083333379999999999 1.000000000000000000
-0.361433279999979984 1.261009386666670062 -0.083333379999999999 1.000000000000000000
-0.448797059999960002 1.232623173333349920 -0.083333379999999999 1.000000000000000000
-0.533557193333270008 1.198389080000030082 -0.083333379999999999 1.000000000000000000
-0.615713679999979946 1.158307106666679909 -0.083333379999999999 1.000000000000000000
-0.655490099999999964 1.135342180000000090 -0.083333379999999999 1.000000000000000000
0.655499990000000032 1.135359309999999899 0.000000000000000000 1.000000000000000000
0.616509590000040020 1.157838013333309934 0.000000000000000000 1.000000000000000000
0.536008937777839978 1.197251766666640016 0.000000000000000000 1.000000000000000000
0.452988433333349982 1.231121866666659903 0.000000000000000000 1.000000000000000000
0.367448076666709977 1.259448313333320080 0.000000000000000000 1.000000000000000000
0.279099608888960016 1.281773296666649964 0.000000000000000000 1.000000000000000000
0.187943030000019995 1.298096816666659992 0.000000000000000000 1.000000000000000000
0.093978340000049995 1.308418873333329957 0.000000000000000000 1.000000000000000000
0.000012805555630000 1.311860102222220048 0.000000000000000000 1.000000000000000000
-0.093953573333310003 1.308420503333340035 0.000000000000000000 1.000000000000000000
-0.187920796666620010 1.298100076666669933 0.000000000000000000 1.000000000000000000
-0.279080521111039981 1.281777514444460087 0.000000000000000000 1.000000000000000000
-0.367432746666649990 1.259452816666670083 0.000000000000000000 1.000000000000000000
-0.452977473333290026 1.231125983333350105 0.000000000000000000 1.000000000000000000
-0.536002355555490029 1.197254796666689991 0.000000000000000000 1.000000000000000000
-0.616507393333309950 1.157839256666679972 0.000000000000000000 1.000000000000000000
-0.655499990000000032 1.135359309999999899 0.000000000000000000 1.000000000000000000
1
