3
2 2
17 8
0.000000000000000000 0.000000000000000000 0.000000000000000000 0.067000000000000004 0.133000000000000007 0.200000000000000011 0.267000000000000015 0.333000000000000018 0.400000000000000022 0.467000000000000026 0.533000000000000029 0.599999999999999978 0.667000000000000037 0.732999999999999985 0.800000000000000044 0.866999999999999993 0.933000000000000052 1.000000000000000000 1.000000000000000000 1.000000000000000000
0.000000000000000000 0.000000000000000000 0.000000000000000000 0.167000000000000010 0.333000000000000018 0.500000000000000000 0.667000000000000037 0.832999999999999963 1.000000000000000000 1.000000000000000000 1.000000000000000000
1.310980220000000029 -0.000000010000000000 -1.000000000000000000 1.000000000000000000
1.310980220000000029 0.045929843333289998 -1.000000000000000000 1.000000000000000000
1.304613984444449981 0.137120434444379991 -1.000000000000000000 1.000000000000000000
1.291881513333339893 0.227641909999979991 -1.000000000000000000 1.000000000000000000
1.272782806666679978 0.317494269999959999 -1.000000000000000000 1.000000000000000000
1.247596097777800006 0.405368522222160022 -1.000000000000000000 1.000000000000000000
1.216321386666679993 0.491264666666649974 -1.000000000000000000 1.000000000000000000
1.178958673333349916 0.575182703333290024 -1.000000000000000000 1.000000000000000000
1.136052267777809988 0.655900084444389964 -1.000000000000000000 1.000000000000000000
1.087602170000010027 0.733416809999980046 -1.000000000000000000 1.000000000000000000
1.033608380000029969 0.807732879999960018 -1.000000000000000000 1.000000000000000000
0.974857496666709955 0.877765642222170017 -1.000000000000000000 1.000000000000000000
0.911349520000020008 0.943515096666650011 -1.000000000000000000 1.000000000000000000
0.843084450000029961 1.004981243333300078 -1.000000000000000000 1.000000000000000000
0.771056790000059999 1.061268625555519929 -1.000000000000000000 1.000000000000000000
0.695266540000019972 1.112377243333320109 -1.000000000000000000 1.000000000000000000
0.655490119999999954 1.135342169999999928 -1.000000000000000000 1.000000000000000000
1.310980220000000029 -0.000000010000000000 -0.916666619999999988 1.000000000000000000
1.310980220000000029 0.045929843333289998 -0.916666619999999988 1.000000000000000000
1.304613984444449981 0.137120434444379991 -0.916666619999999988 1.000000000000000000
1.291881513333339893 0.227641909999979991 -0.916666619999999988 1.000000000000000000
1.272782806666679978 0.317494269999959999 -0.916666619999999988 1.000000000000000000
1.247596097777800006 0.405368522222160022 -0.916666619999999988 1.000000000000000000
1.216321386666679993 0.491264666666649974 -0.916666619999999988 1.000000000000000000
1.178958673333349916 0.575182703333290024 -0.916666619999999988 1.000000000000000000
1.136052267777809988 0.655900084444389964 -0.916666619999999988 1.000000000000000000
1.087602170000010027 0.733416809999980046 -0.916666619999999988 1.000000000000000000
1.033608380000029969 0.807732879999960018 -0.916666619999999988 1.000000000000000000
0.974857496666709955 0.877765642222170017 -0.916666619999999988 1.000000000000000000
0.911349520000020008 0.943515096666650011 -0.916666619999999988 1.000000000000000000
0.843084450000029961 1.004981243333300078 -0.916666619999999988 1.000000000000000000
0.771056790000059999 1.061268625555519929 -0.916666619999999988 1.000000000000000000
0.695266540000019972 1.112377243333320109 -0.916666619999999988 1.000000000000000000
0.655490119999999954 1.135342169999999928 -0.916666619999999988 1.000000000000000000
1.310980220000000029 -0.000000010000000000 -0.750000000000000000 1.000000000000000000
1.310980220000000029 0.045929843333289998 -0.750000000000000000 1.000000000000000000
1.304613984444449981 0.137120434444379991 -0.750000000000000000 1.000000000000000000
1.291881513333339893 0.227641909999979991 -0.750000000000000000 1.000000000000000000
1.272782806666679978 0.317494269999959999 -0.750000000000000000 1.000000000000000000
1.247596097777800006 0.405368522222160022 -0.750000000000000000 1.000000000000000000
1.216321386666679993 0.491264666666649974 -0.750000000000000000 1.000000000000000000
1.178958673333349916 0.575182703333290024 -0.750000000000000000 1.000000000000000000
1.136052267777809988 0.655900084444389964 -0.750000000000000000 1.000000000000000000
1.087602170000010027 0.733416809999980046 -0.750000000000000000 1.000000000000000000
1.033608380000029969 0.807732879999960018 -0.750000000000000000 1.000000000000000000
0.974857496666709955 0.877765642222170017 -0.750000000000000000 1.000000000000000000
0.911349520000020008 0.943515096666650011 -0.750000000000000000 1.000000000000000000
0.843084450000029961 1.004981243333300078 -0.750000000000000000 1.000000000000000000
0.771056790000059999 1.061268625555519929 -0.750000000000000000 1.000000000000000000
0.695266540000019972 1.112377243333320109 -0.750000000000000000 1.000000000000000000
0.655490119999999954 1.135342169999999928 -0.750000000000000000 1.000000000000000000
1.310980220000000029 -0.000000010000000000 -0.583333380000000012 1.000000000000000000
1.310980220000000029 0.045929843333289998 -0.583333380000000012 1.000000000000000000
1.304613984444449981 0.137120434444379991 -0.583333380000000012 1.000000000000000000
1.291881513333339893 0.227641909999979991 -0.583333380000000012 1.000000000000000000
1.272782806666679978 0.317494269999959999 -0.583333380000000012 1.000000000000000000
1.247596097777800006 0.405368522222160022 -0.583333380000000012 1.000000000000000000
1.216321386666679993 0.491264666666649974 -0.583333380000000012 1.000000000000000000
1.178958673333349916 0.575182703333290024 -0.583333380000000012 1.000000000000000000
1.136052267777809988 0.655900084444389964 -0.583333380000000012 1.000000000000000000
1.087602170000010027 0.733416809999980046 -0.583333380000000012 1.000000000000000000
1.033608380000029969 0.807732879999960018 -0.583333380000000012 1.000000000000000000
0.974857496666709955 0.877765642222170017 -0.583333380000000012 1.000000000000000000
0.911349520000020008 0.943515096666650011 -0.583333380000000012 1.000000000000000000
0.843084450000029961 1.004981243333300078 -0.583333380000000012 1.000000000000000000
0.771056790000059999 1.061268625555519929 -0.583333380000000012 1.000000000000000000
0.695266540000019972 1.112377243333320109 -0.583333380000000012 1.000000000000000000
0.655490119999999954 1.135342169999999928 -0.583333380000000012 1.000000000000000000
1.310980220000000029 -0.000000010000000000 -0.416666619999999988 1.000000000000000000
1.310980220000000029 0.045929843333289998 -0.416666619999999988 1.000000000000000000
1.304613984444449981 0.137120434444379991 -0.416666619999999988 1.000000000000000000
1.291881513333339893 0.227641909999979991 -0.416666619999999988 1.000000000000000000
1.272782806666679978 0.317494269999959999 -0.416666619999999988 1.000000000000000000
1.247596097777800006 0.405368522222160022 -0.416666619999999988 1.000000000000000000
1.216321386666679993 0.491264666666649974 -0.416666619999999988 1.000000000000000000
1.178958673333349916 0.575182703333290024 -0.416666619999999988 1.000000000000000000
1.136052267777809988 0.655900084444389964 -0.416666619999999988 1.000000000000000000
1.087602170000010027 0.733416809999980046 -0.416666619999999988 1.000000000000000000
1.033608380000029969 0.807732879999960018 -0.416666619999999988 1.000000000000000000
0.974857496666709955 0.877765642222170017 -0.416666619999999988 1.000000000000000000
0.911349520000020008 0.943515096666650011 -0.416666619999999988 1.000000000000000000
0.843084450000029961 1.004981243333300078 -0.416666619999999988 1.000000000000000000
0.771056790000059999 1.061268625555519929 -0.416666619999999988 1.000000000000000000
0.695266540000019972 1.112377243333320109 -0.416666619999999988 1.000000000000000000
0.655490119999999954 1.135342169999999928 -0.416666619999999988 1.000000000000000000
1.310980220000000029 -0.000000010000000000 -0.250000000000000000 1.000000000000000000
1.310980220000000029 0.045929843333289998 -0.250000000000000000 1.000000000000000000
1.304613984444449981 0.137120434444379991 -0.250000000000000000 1.000000000000000000
1.291881513333339893 0.227641909999979991 -0.250000000000000000 1.000000000000000000
1.272782806666679978 0.317494269999959999 -0.250000000000000000 1.000000000000000000
1.247596097777800006 0.405368522222160022 -0.250000000000000000 1.000000000000000000
1.216321386666679993 0.491264666666649974 -0.250000000000000000 1.000000000000000000
1.178958673333349916 0.575182703333290024 -0.250000000000000000 1.000000000000000000
1.136052267777809988 0.655900084444389964 -0.250000000000000000 1.000000000000000000
1.087602170000010027 0.733416809999980046 -0.250000000000000000 1.000000000000000000
1.033608380000029969 0.807732879999960018 -0.250000000000000000 1.000000000000000000
0.974857496666709955 0.877765642222170017 -0.250000000000000000 1.000000000000000000
0.911349520000020008 0.943515096666650011 -0.250000000000000000 1.000000000000000000
0.843084450000029961 1.004981243333300078 -0.250000000000000000 1.000000000000000000
0.771056790000059999 1.061268625555519929 -0.250000000000000000 1.000000000000000000
0.695266540000019972 1.112377243333320109 -0.250000000000000000 1.000000000000000000
0.655490119999999954 1.135342169999999928 -0.250000000000000000 1.000000000000000000
1.310980220000000029 -0.000000010000000000 -0.083333379999999999 1.000000000000000000
1.310980220000000029 0.045929843333289998 -0.083333379999999999 1.000000000000000000
1.304613984444449981 0.137120434444379991 -0.083333379999999999 1.000000000000000000
1.291881513333339893 0.227641909999979991 -0.083333379999999999 1.000000000000000000
1.272782806666679978 0.317494269999959999 -0.083333379999999999 1.000000000000000000
1.247596097777800006 0.405368522222160022 -0.083333379999999999 1.000000000000000000
1.216321386666679993 0.491264666666649974 -0.083333379999999999 1.000000000000000000
1.178958673333349916 0.575182703333290024 -0.083333379999999999 1.000000000000000000
1.136052267777809988 0.655900084444389964 -0.083333379999999999 1.000000000000000000
1.087602170000010027 0.733416809999980046 -0.083333379999999999 1.000000000000000000
1.033608380000029969 0.807732879999960018 -0.083333379999999999 1.000000000000000000
0.974857496666709955 0.877765642222170017 -0.083333379999999999 1.000000000000000000
0.911349520000020008 0.943515096666650011 -0.083333379999999999 1.000000000000000000
0.843084450000029961 1.004981243333300078 -0.083333379999999999 1.000000000000000000
0.771056790000059999 1.061268625555519929 -0.083333379999999999 1.000000000000000000
0.695266540000019972 1.112377243333320109 -0.083333379999999999 1.000000000000000000
0.655490119999999954 1.135342169999999928 -0.083333379999999999 1.000000000000000000
1.310999999999999943 0.000000000000000000 0.000000000000000000 1.000000000000000000
1.310971909999999907 0.045008469999950000 0.000000000000000000 1.000000000000000000
1.304854273333339920 0.134435499999930014 0.000000000000000000 1.000000000000000000
1.292675180000000035 0.223272619999979993 0.000000000000000000 1.000000000000000000
1.274434630000010005 0.311519829999959974 0.000000000000000000 1.000000000000000000
1.249592334444469932 0.399197366666599995 0.000000000000000000 1.000000000000000000
1.218148293333340071 0.486305229999979993 0.000000000000000000 1.000000000000000000
1.180102506666689921 0.572843419999960024 0.000000000000000000 1.000000000000000000
1.136098145555590078 0.655940503333270031 0.000000000000000000 1.000000000000000000
1.086135210000009899 0.735596479999980013 0.000000000000000000 1.000000000000000000
1.030213700000029986 0.811811349999959964 0.000000000000000000 1.000000000000000000
0.970498802222270029 0.882593596666619962 0.000000000000000000 1.000000000000000000
0.906990516666679958 0.947943219999979991 0.000000000000000000 1.000000000000000000
0.839688843333370016 1.007860219999969997 0.000000000000000000 1.000000000000000000
0.768846132222280043 1.062823128888850110 0.000000000000000000 1.000000000000000000
0.694462383333349975 1.112831946666660077 0.000000000000000000 1.000000000000000000
0.655499990000000032 1.135359309999999899 0.000000000000000000 1.000000000000000000
1
