3
2 2
17 26
0.000000000000000000 0.000000000000000000 0.000000000000000000 0.067000000000000004 0.133000000000000007 0.200000000000000011 0.267000000000000015 0.333000000000000018 0.400000000000000022 0.467000000000000026 0.533000000000000029 0.599999999999999978 0.667000000000000037 0.732999999999999985 0.800000000000000044 0.866999999999999993 0.933000000000000052 1.000000000000000000 1.000000000000000000 1.000000000000000000
0.000000000000000000 0.000000000000000000 0.000000000000000000 0.042000000000000003 0.083000000000000004 0.125000000000000000 0.167000000000000010 0.207999999999999990 0.250000000000000000 0.291999999999999982 0.333000000000000018 0.375000000000000000 0.416999999999999982 0.458000000000000018 0.500000000000000000 0.542000000000000037 0.582999999999999963 0.625000000000000000 0.667000000000000037 0.707999999999999963 0.750000000000000000 0.792000000000000037 0.832999999999999963 0.875000000000000000 0.917000000000000037 0.957999999999999963 1.000000000000000000 1.000000000000000000 1.000000000000000000
0.655499990000000032 -1.135359309999999899 0.000000000000000000 1.000000000000000000
0.694462383333290023 -1.112831946666690053 0.000000000000000000 1.000000000000000000
0.768846132222170020 -1.062823128888930047 0.000000000000000000 1.000000000000000000
0.839688843333319945 -1.007860220000019957 0.000000000000000000 1.000000000000000000
0.906990516666629998 -0.947943220000029951 0.000000000000000000 1.000000000000000000
0.970498802222179990 -0.882593596666719993 0.000000000000000000 1.000000000000000000
1.030213699999990018 -0.811811350000020027 0.000000000000000000 1.000000000000000000
1.086135209999969931 -0.735596480000039965 0.000000000000000000 1.000000000000000000
1.136098145555519912 -0.655940503333390046 0.000000000000000000 1.000000000000000000
1.180102506666659945 -0.572843420000019976 0.000000000000000000 1.000000000000000000
1.218148293333310095 -0.486305230000040001 0.000000000000000000 1.000000000000000000
1.249592334444419972 -0.399197366666730002 0.000000000000000000 1.000000000000000000
1.274434630000000013 -0.311519830000019982 0.000000000000000000 1.000000000000000000
1.292675179999990043 -0.223272620000040001 0.000000000000000000 1.000000000000000000
1.304854273333329928 -0.134435500000070013 0.000000000000000000 1.000000000000000000
1.310971909999999907 -0.045008470000020000 0.000000000000000000 1.000000000000000000
1.310999999999999943 0.000000000000000000 0.000000000000000000 1.000000000000000000
0.664725769999999994 -1.151308175000000045 0.048018379999999999 1.000000000000000000
0.705038746666630023 -1.128843311666690052 0.048521595000000001 1.000000000000000000
0.782577467777719971 -1.078990822222259949 0.049013515555560001 1.000000000000000000
0.857028956666650021 -1.024215570000019948 0.048990926666670001 1.000000000000000000
0.928393213333300049 -0.964517555000030002 0.048453828333330000 1.000000000000000000
0.996015856666619959 -0.899120950555610032 0.047700555555559999 1.000000000000000000
1.059896886666650051 -0.828025756666689983 0.046731108333330003 1.000000000000000000
1.120036303333300065 -0.751231973333369996 0.045545486666670000 1.000000000000000000
1.174138144999959943 -0.670730782222279998 0.044167462222219997 1.000000000000000000
1.222202411666660105 -0.586522183333360037 0.042597034999999998 1.000000000000000000
1.264229103333309956 -0.498606176666709977 0.040834204999999998 1.000000000000000000
1.299462555555529919 -0.409913186666729989 0.038942675000000003 1.000000000000000000
1.327902768333329986 -0.320443213333360011 0.036922444999999998 1.000000000000000000
1.349549741666659974 -0.230196256666710009 0.034773514999999998 1.000000000000000000
1.364966516111099981 -0.138634450000069992 0.032504042777779997 1.000000000000000000
1.374153091666669990 -0.045757793333359997 0.030114028333330000 1.000000000000000000
1.375631279999999901 0.001337960000000000 0.028858749999999999 1.000000000000000000
0.682873779464669983 -1.182718194072329920 0.146987606942949989 1.000000000000000000
0.726620973506269974 -1.161240199850219978 0.147130569494760000 1.000000000000000000
0.811500306310670050 -1.112910169490499923 0.146521612368099990 1.000000000000000000
0.893764583836250015 -1.059206097215239950 0.145017773011179990 1.000000000000000000
0.973413806082889965 -1.000127983024529987 0.142619051423979987 1.000000000000000000
1.049360056385870044 -0.934723075522229996 0.139822542334719996 1.000000000000000000
1.121603334745250091 -0.862991374708280023 0.136628245743370014 1.000000000000000000
1.190143641160920085 -0.784932880582779990 0.133036161649959989 1.000000000000000000
1.252359760089059915 -0.702512303980589947 0.129335103095549991 1.000000000000000000
1.308251691529690008 -0.615729644901629958 0.125525070080139994 1.000000000000000000
1.357819435482739978 -0.524584903346050013 0.121606062603740003 1.000000000000000000
1.400121387230429892 -0.432218205693610025 0.117515090955550003 1.000000000000000000
1.435157546772789949 -0.338629551944249985 0.113252155135570007 1.000000000000000000
1.462927914109769967 -0.243818942098100011 0.108817255143789995 1.000000000000000000
1.483954921189639897 -0.146934212809579995 0.104260966811500003 1.000000000000000000
1.498238568012409955 -0.047975364078600001 0.099583290138689995 1.000000000000000000
1.502008711295230059 0.002541120008090000 0.097183757632020001 1.000000000000000000
0.700718238394000048 -1.213640502216990047 0.248889300828849996 1.000000000000000000
0.748632700518899963 -1.194011246217290045 0.247305328484270004 1.000000000000000000
0.841883312265459982 -1.148413477360300083 0.243510774882089998 1.000000000000000000
0.932555611508789961 -1.096476451645679973 0.239089612366870014 1.000000000000000000
1.020649598248730028 -1.038200169073530077 0.234041840938619988 1.000000000000000000
1.105014346935500047 -0.972872617677699947 0.228665404781919990 1.000000000000000000
1.185649857569130106 -0.900493797458129963 0.222960303896780010 1.000000000000000000
1.262556130149500078 -0.821063708414930038 0.216926538283199993 1.000000000000000000
1.332722991378370025 -0.736494789719419951 0.211335460397750002 1.000000000000000000
1.396150441255759933 -0.646787041371519988 0.206187070240419990 1.000000000000000000
1.452838479781590086 -0.551940463371380030 0.201481367811220002 1.000000000000000000
1.501698608358019937 -0.455396603747350026 0.196774572866650010 1.000000000000000000
1.542730826985059922 -0.357155462499359977 0.192066685406690002 1.000000000000000000
1.575935135662670072 -0.257217039627549993 0.187357705431359989 1.000000000000000000
1.601707245791160084 -0.155135838428599987 0.182766729323369986 1.000000000000000000
1.620047157370559932 -0.050911858902409998 0.178293757082729987 1.000000000000000000
1.625501013885690016 0.002271520024260000 0.176116272896069986 1.000000000000000000
0.717763264512629950 -1.243173929155660051 0.351359609408829987 1.000000000000000000
0.769811654389560007 -1.225992225730959895 0.347639005318560013 1.000000000000000000
0.871488051912910011 -1.184138907254939976 0.339944638790319997 1.000000000000000000
0.970744067205730032 -1.134795677152300009 0.331997113914369979 1.000000000000000000
1.067579700267889953 -1.077962535423119927 0.323796430690749981 1.000000000000000000
1.160571609169460006 -1.013214579557349948 0.315545370785830004 1.000000000000000000
1.249719793910510024 -0.940551809554949991 0.307243934199609992 1.000000000000000000
1.335024254490909890 -0.859974225415999993 0.298892120932109984 1.000000000000000000
1.413066540090230028 -0.773335974086849953 0.291709410415360026 1.000000000000000000
1.483846650708509962 -0.680637055567410054 0.285695802649340025 1.000000000000000000
1.547364586345640003 -0.581877469857829954 0.280851297634070018 1.000000000000000000
1.602371541729129989 -0.480836371946819996 0.276367357879999997 1.000000000000000000
1.648867516858989912 -0.377513761834310013 0.272243983387130017 1.000000000000000000
1.686852511735160043 -0.271909639520440005 0.268481174155470015 1.000000000000000000
1.716505363866889899 -0.164087819153459991 0.265243520184349990 1.000000000000000000
1.737826073254189918 -0.054048300733270001 0.262531021473750015 1.000000000000000000
1.744320356575610020 0.002080307503380000 0.261437349748710024 1.000000000000000000
0.734008853537900019 -1.271318467466989954 0.454398508226500020 1.000000000000000000
0.790157829835450021 -1.257183130526170034 0.448131575955669992 1.000000000000000000
0.900314517961089966 -1.220086450653639965 0.435823180815380018 1.000000000000000000
1.008329941617239989 -1.174163764790220110 0.423740255076450023 1.000000000000000000
1.114204100803749986 -1.119415072935969979 0.411882798738899991 1.000000000000000000
1.216031829730729985 -1.055748952005290064 0.400462419024139982 1.000000000000000000
1.313813128398239938 -0.983165401998129962 0.389479115932169995 1.000000000000000000
1.407547996806149948 -0.901664422914590036 0.378932889463000022 1.000000000000000000
1.493390386937460068 -0.813035848927080029 0.370456933468280014 1.000000000000000000
1.571340298792220036 -0.717279680035520006 0.364051247948010026 1.000000000000000000
1.641397732370319940 -0.614395916240059958 0.359715832902190003 1.000000000000000000
1.702140162965229964 -0.508537504729200007 0.356293426973320004 1.000000000000000000
1.753567590576980084 -0.399704445502869987 0.353784030161399976 1.000000000000000000
1.795680015205499913 -0.287896738561220000 0.352187642466419981 1.000000000000000000
1.828349247156249913 -0.173790153015769999 0.351691320553029985 1.000000000000000000
1.851575286429230083 -0.057384688866420001 0.352295064421239978 1.000000000000000000
1.858466709726829924 0.001967482510150000 0.353146969246129983 1.000000000000000000
0.748846230888499997 -1.297024442207910022 0.555291023150459973 1.000000000000000000
0.809024831246729970 -1.286314582584699995 0.546768253386309966 1.000000000000000000
0.927489170548279951 -1.254627957690439999 0.530447279628989965 1.000000000000000000
1.044060648434909977 -1.212674427148290102 0.514850871642629992 1.000000000000000000
1.158739264906430089 -1.160453990958320025 0.499979029427280008 1.000000000000000000
1.269060720594880065 -1.098214652134630098 0.486094314360620006 1.000000000000000000
1.375025015500320080 -1.025956410677139941 0.473196726442659976 1.000000000000000000
1.476632149622600032 -0.943679266585970011 0.461286265673420015 1.000000000000000000
1.569692246048570050 -0.853202284846329984 0.452149538176820021 1.000000000000000000
1.654205304778280095 -0.754525465458150024 0.445786543952850001 1.000000000000000000
1.730171325811610039 -0.647648808421570021 0.442197283001529995 1.000000000000000000
1.795930364462539952 -0.536997987604819982 0.440102589754710005 1.000000000000000000
1.851482420731100031 -0.422573003007789993 0.439502464212379984 1.000000000000000000
1.896827494617219889 -0.304373854630670015 0.440396906374549979 1.000000000000000000
1.931503409497580037 -0.183821090423610001 0.442938025974519978 1.000000000000000000
1.955510165372200015 -0.060914710386529999 0.447125823012300028 1.000000000000000000
1.962178963806620047 0.001715287546990000 0.450043060250089999 1.000000000000000000
0.762275395888500018 -1.320291852207909900 0.654037153150459960 1.000000000000000000
0.826412657913400017 -1.313386580918030067 0.643549036719650025 1.000000000000000000
0.953012008881609973 -1.287763427690439944 0.623816934628990016 1.000000000000000000
1.077936186768239990 -1.250327663814960077 0.605328963309299972 1.000000000000000000
1.201185191573090005 -1.201079289291659968 0.588085122760609980 1.000000000000000000
1.319658280594870003 -1.140611679912409970 0.572441057138399989 1.000000000000000000
1.433355453833649928 -1.068924835677139917 0.558396766442660009 1.000000000000000000
1.542276711289259916 -0.986018756585970046 0.545952250673420014 1.000000000000000000
1.641972115493010032 -0.893835282068560000 0.536787225954590053 1.000000000000000000
1.732441666444950013 -0.792374412124819960 0.530901692286180005 1.000000000000000000
1.813685364144939971 -0.681636146754910022 0.528295649668199974 1.000000000000000000
1.883742143351430087 -0.566217820938149985 0.527794848088040003 1.000000000000000000
1.942612004064439901 -0.446119434674460025 0.529399287545709973 1.000000000000000000
1.990294946283879929 -0.321340987964010005 0.533108968041219988 1.000000000000000000
2.025967846719800125 -0.194180631534730003 0.538983638752300043 1.000000000000000000
2.049630705372199824 -0.064638365386530006 0.547023299678970010 1.000000000000000000
2.055457113806620217 0.001323722546990000 0.552125625250090013 1.000000000000000000
0.773799616057110007 -1.340257572500400007 0.748760653894870010 1.000000000000000000
0.841554906398769953 -1.336941272827729899 0.737405329693569978 1.000000000000000000
0.975532287627799977 -1.317070955622529960 0.716275166823549969 1.000000000000000000
1.107976469402550013 -1.283962920557419896 0.696725489486090033 1.000000000000000000
1.238887451722809896 -1.237617167632450110 0.678756297681240017 1.000000000000000000
1.364545526901149941 -1.178905849315800003 0.662796955567469981 1.000000000000000000
1.484950694937630100 -1.107828965607380090 0.648847463144800018 1.000000000000000000
1.600102955832090057 -1.024386516507300060 0.636907820413230019 1.000000000000000000
1.705405001256490083 -0.930727143360799980 0.628386466049219994 1.000000000000000000
1.800856831210879916 -0.826850846167770048 0.623283400052759951 1.000000000000000000
1.886458445695140096 -0.712757624928380018 0.621598622423859992 1.000000000000000000
1.959912628931679945 -0.593092500209549955 0.622390290608540009 1.000000000000000000
2.021219380920550091 -0.467855472011189988 0.625658404606790008 1.000000000000000000
2.070378701661629961 -0.337046540333469979 0.631402964418609991 1.000000000000000000
2.106257233971720044 -0.203800771167990002 0.639583952560069946 1.000000000000000000
2.128854977850799912 -0.068118164514640006 0.650201369031199961 1.000000000000000000
2.133513455574819861 0.000941557555910000 0.656728291431579958 1.000000000000000000
0.783418890479949948 -1.356921601500550079 0.839461523452819991 1.000000000000000000
0.854451575624959991 -1.356978656625480006 0.828337130904330032 1.000000000000000000
0.995050005345620048 -1.342550539649310037 0.807821975775180001 1.000000000000000000
1.134181494496909970 -1.313580195447050070 0.789040450613859967 1.000000000000000000
1.271846043078630029 -1.270067624018760055 0.771992555420390025 1.000000000000000000
1.403722456772749982 -1.213097158375429974 0.757162011572239946 1.000000000000000000
1.529810735579359982 -1.142668798516990103 0.744548819069379975 1.000000000000000000
1.650110879498279948 -1.058782544443539919 0.734152977911849969 1.000000000000000000
1.759990899092439998 -0.963877866927310034 0.726947261802240008 1.000000000000000000
1.859450794361910075 -0.857954765968209965 0.722931670740529997 1.000000000000000000
1.948490565306540079 -0.741013241566380043 0.722106204726740031 1.000000000000000000
2.024441815615490192 -0.617622024293340011 0.723888920629729982 1.000000000000000000
2.087304545288770186 -0.487781114148980011 0.728279818449499960 1.000000000000000000
2.137078754326299901 -0.351490511133499994 0.735278898186049967 1.000000000000000000
2.172371564449299797 -0.212681508968480010 0.744738969584100019 1.000000000000000000
2.193182975657780087 -0.071354107653819998 0.756660032643679981 1.000000000000000000
2.196347981804750216 0.000568792578280000 0.763851060004219984 1.000000000000000000
0.790723174251609984 -1.369574153703839947 0.923147000999489986 1.000000000000000000
0.864323310639570019 -1.372237015928100101 0.913900067970899954 1.000000000000000000
1.010058300647280083 -1.362021452702899982 0.896950253660219965 1.000000000000000000
1.154328007886769925 -1.336264601803949903 0.881544491096040050 1.000000000000000000
1.297132432357799958 -1.294966463231270071 0.867682780278379973 1.000000000000000000
1.433683447165920111 -1.239356154751050099 0.855801472340710023 1.000000000000000000
1.563981052311220088 -1.169433676363200059 0.845900567283019988 1.000000000000000000
1.688025247793480066 -1.085199028067840077 0.837980065105319971 1.000000000000000000
1.801199028047590023 -0.989349380942340040 0.832625503080649976 1.000000000000000000
1.903502393073589927 -0.881884734986630003 0.829836881209010002 1.000000000000000000
1.994935342871339889 -0.762805090200849967 0.829614199490410043 1.000000000000000000
2.072520609144580028 -0.636581086602920010 0.831659118449289969 1.000000000000000000
2.136258191893340097 -0.503212724192729999 0.835971638085669988 1.000000000000000000
2.186148091117519954 -0.362700002970489987 0.842551758399530004 1.000000000000000000
2.220619377387239801 -0.219586951205029995 0.851216531607760007 1.000000000000000000
2.239672050702480099 -0.073873568896259997 0.861965957710359998 1.000000000000000000
2.241489080882849816 0.000283287529740000 0.868382997208840046 1.000000000000000000
0.795712463952250038 -1.378215223185379923 0.999817061399290052 1.000000000000000000
0.871170106895429952 -1.382716343632669931 0.994094116492590052 1.000000000000000000
1.020557166684020078 -1.375483685784059995 0.983659977346519998 1.000000000000000000
1.168416000374820074 -1.352016129192189942 0.974237588867780002 1.000000000000000000
1.314746607967619996 -1.312313673857109952 0.965826951056390048 1.000000000000000000
1.454428484254550069 -1.257682826429229905 0.958715317276989998 1.000000000000000000
1.587461629235709992 -1.188123586908470086 0.952902687529549985 1.000000000000000000
1.713846042910899925 -1.103635955294949955 0.948389061814109979 1.000000000000000000
1.829029368599990102 -1.007141673763700007 0.945421169646240012 1.000000000000000000
1.933011606303040031 -0.898640742314600005 0.943999011025949963 1.000000000000000000
2.025792756019900054 -0.778133160947830027 0.944122585953239946 1.000000000000000000
2.104148986135769839 -0.649969678577379972 0.945700862717899993 1.000000000000000000
2.168080296650679806 -0.514150295203150032 0.948733841319939986 1.000000000000000000
2.217586687564539805 -0.370675010825320006 0.953221521759350043 1.000000000000000000
2.251000648342139865 -0.224517094798109995 0.959016614028640024 1.000000000000000000
2.268322178983470216 -0.075676547121410004 0.966119118127830023 1.000000000000000000
2.268936729235989880 0.000085042541630000 0.970324076092370036 1.000000000000000000
0.798182692511720027 -1.382493215020420108 1.079651150080449984 1.000000000000000000
0.874504097542839975 -1.387815697567339912 1.077521710034659908 1.000000000000000000
1.025579160942390100 -1.381910915701439979 1.073663814275160000 1.000000000000000000
1.175086477679250008 -1.359456386875719902 1.070206902847739894 1.000000000000000000
1.323026047753200096 -1.320452111090240077 1.067150975752400033 1.000000000000000000
1.464130691710540111 -1.266240486957439959 1.064612182202159918 1.000000000000000000
1.598400409551359980 -1.196821514477260040 1.062590522197010001 1.000000000000000000
1.725835201275470077 -1.112195193649810010 1.061085995736960053 1.000000000000000000
1.841911487440230033 -1.015383757814029897 1.060137509229339914 1.000000000000000000
1.946629268045710015 -0.906387206969839987 1.059745062674140037 1.000000000000000000
2.039988543091760143 -0.785205541117390049 1.059908656071359978 1.000000000000000000
2.118656453127179873 -0.656137704697160040 1.060637418589359893 1.000000000000000000
2.182632998152000070 -0.519183697709019953 1.061931350228120019 1.000000000000000000
2.231918178166130140 -0.374343520153190001 1.063790450987659897 1.000000000000000000
2.264804348165720072 -0.226784837317049986 1.066144400839569961 1.000000000000000000
2.281291508150760095 -0.076507649200489997 1.068993199783859982 1.000000000000000000
2.281335583135990053 -0.000009802502050000 1.070665023802199967 1.000000000000000000
0.798133857511719946 -1.382408125020420098 1.162649270080450048 1.000000000000000000
0.874325279209509976 -1.387535072567340100 1.164182851701319965 1.000000000000000000
1.025124278164619929 -1.381303135701440032 1.166961767608490019 1.000000000000000000
1.174339432679250006 -1.358585366875719957 1.169452436181070087 1.000000000000000000
1.321970742753199923 -1.319381766090240049 1.171654857419069939 1.000000000000000000
1.462790058932760040 -1.265029126957440075 1.173492069979940045 1.000000000000000000
1.596797381218030054 -1.195527449477260085 1.174964073863679959 1.000000000000000000
1.723992709608799911 -1.110876733649809989 1.176070869070299896 1.000000000000000000
1.839845370218009979 -1.014075623925140057 1.176774523673780104 1.000000000000000000
1.944355363045709995 -0.905124120303170021 1.177075037674139901 1.000000000000000000
2.037522688091760070 -0.784022222784059974 1.176972411071359970 1.000000000000000000
2.116042993682730078 -0.655085158030489945 1.176468786922689969 1.000000000000000000
2.179916279818669977 -0.518312926042350020 1.175564165228119906 1.000000000000000000
2.229142546499459865 -0.373705526819860023 1.174258545987659996 1.000000000000000000
2.262030460943489807 -0.226390176205940014 1.172599891395130101 1.000000000000000000
2.278580023150759803 -0.076366874200490001 1.170588201450529997 1.000000000000000000
2.278685628135990182 -0.000001247502050000 1.169405838802199948 1.000000000000000000
0.798939887051560049 -1.383803776723369960 1.250858529776490036 1.000000000000000000
0.874316417456429962 -1.387668095685729908 1.255320178351009952 1.000000000000000000
1.023367204436999911 -1.379282140093919917 1.263385474510529960 1.000000000000000000
1.170715717588399984 -1.354781590985540074 1.270592769680509937 1.000000000000000000
1.316361956910409914 -1.314166448360629902 1.276942063860950105 1.000000000000000000
1.455307305900839898 -1.258755718338399943 1.282214657909590105 1.000000000000000000
1.587551764559790080 -1.188549400918770038 1.286410551826429938 1.000000000000000000
1.713095332887049960 -1.103547496101850101 1.289529745611450062 1.000000000000000000
1.827379508118079920 -1.006637791718870023 1.291452488176999980 1.000000000000000000
1.930404290252939914 -0.897820287769729997 1.292178779523069920 1.000000000000000000
2.022169679291470068 -0.777094984254609988 1.291708619649660106 1.000000000000000000
2.099540473483460179 -0.648855748357569984 1.290067844930979923 1.000000000000000000
2.162516672828930009 -0.513102580078520054 1.287256455367020047 1.000000000000000000
2.211098277327800066 -0.369835479417640001 1.283274450957800017 1.000000000000000000
2.243690758598920088 -0.223975057031050001 1.278263417795789891 1.000000000000000000
2.260294116642290074 -0.075521312918629999 1.272223355881000106 1.000000000000000000
2.260601234050089836 0.000002220000440000 1.268688810547210055 1.000000000000000000
0.800600781951899987 -1.386680171550789931 1.344278934171269979 1.000000000000000000
0.874477512446759975 -1.388214767319599918 1.350933694280870068 1.000000000000000000
1.020307938509450008 -1.375847927522199976 1.362934937981999939 1.000000000000000000
1.164215329645089891 -1.348045056389729934 1.373627905165069940 1.000000000000000000
1.306199685853479897 -1.304806153922249967 1.383012595830050095 1.000000000000000000
1.441682426718329912 -1.247420256240749925 1.390779945840119991 1.000000000000000000
1.570663552239750071 -1.175887363345160086 1.396929955195260087 1.000000000000000000
1.693143062417520106 -1.090207475235579926 1.401462623895479931 1.000000000000000000
1.804513891156690031 -0.993070255310700034 1.404171400858309937 1.000000000000000000
1.904776038457300036 -0.884475703570410055 1.405056286083750106 1.000000000000000000
1.993929504319210011 -0.764423820014879962 1.404117279571809984 1.000000000000000000
2.069148879195839896 -0.637449470708610022 1.401434590471200003 1.000000000000000000
2.130434163087219890 -0.503552655651509973 1.397008218781919942 1.000000000000000000
2.177785355993239857 -0.362733374843760004 1.390838164503980012 1.000000000000000000
2.209785226188810014 -0.219539477852740000 1.383134979281279930 1.000000000000000000
2.226433773673909933 -0.073970964678319998 1.373898663113819918 1.000000000000000000
2.227082386061220109 0.000000600000530000 1.368513939557709946 1.000000000000000000
0.802807479256830048 -1.390502066212800036 1.440294300875220035 1.000000000000000000
0.874590104982620020 -1.388940142255900012 1.448616196400430045 1.000000000000000000
1.015943392641859955 -1.371286392369349905 1.463564817815989905 1.000000000000000000
1.155084716508729903 -1.339102740510000000 1.476818269596690048 1.000000000000000000
1.292014076583009929 -1.292389186677910029 1.488376551742510046 1.000000000000000000
1.422683771302680089 -1.232368701178429893 1.497883697587709895 1.000000000000000000
1.547093800667820096 -1.159041284011490092 1.505339707132310023 1.000000000000000000
1.665244164678230110 -1.072406935177200094 1.510744580376290003 1.000000000000000000
1.772510514996920028 -0.974955418063299994 1.513799541234920110 1.000000000000000000
1.868892851623940032 -0.866686732669699977 1.514504589708179916 1.000000000000000000
1.954391174559140021 -0.747600878996570017 1.512859725796090071 1.000000000000000000
2.026556198127599906 -0.622352145906289955 1.509032829465980052 1.000000000000000000
2.085387922329350108 -0.490940533398769974 1.503023900717850081 1.000000000000000000
2.130886347164290040 -0.353366041474189985 1.494832939551699935 1.000000000000000000
2.161864664778149869 -0.213696043069070002 1.484721282347619908 1.000000000000000000
2.178322875170930040 -0.071930538183269999 1.472688929105600009 1.000000000000000000
2.179291926756759867 -0.000000032500100000 1.465712404465620011 1.000000000000000000
0.805559979091679979 -1.395269460926759963 1.538904609958599901 1.000000000000000000
0.874654194978780053 -1.389844220534989905 1.548367663748670076 1.000000000000000000
1.010273566315389893 -1.365597534377350097 1.565275091157819931 1.000000000000000000
1.143323877214379891 -1.327954642845549982 1.580163838395959974 1.000000000000000000
1.273805127675549986 -1.276915545939659946 1.593033905463069999 1.000000000000000000
1.398311337765030027 -1.213601052304490002 1.603525885693630082 1.000000000000000000
1.516842507482899949 -1.138011161939959992 1.611639779087640001 1.000000000000000000
1.629398636828969904 -1.050145874846190042 1.617375585645099978 1.000000000000000000
1.731369376354279899 -0.952293278867469950 1.620336879287120002 1.000000000000000000
1.822754726058900099 -0.844453374003700019 1.620523660013710066 1.000000000000000000
1.903554685942669966 -0.726626160255050002 1.617935927824849962 1.000000000000000000
1.971762425859679979 -0.603563773144700000 1.612862531569539959 1.000000000000000000
2.027377945809949900 -0.475266212672559973 1.605303471247740088 1.000000000000000000
2.070401245793399791 -0.341733478838810001 1.595258746859490095 1.000000000000000000
2.099929069049840002 -0.206444752393030007 1.583022298671779904 1.000000000000000000
2.115961415579279858 -0.069400033335100003 1.568594126684619949 1.000000000000000000
2.117229850480490061 0.000000322499880000 1.560284178791309984 1.000000000000000000
0.808724951212119958 -1.400751415269249955 1.642382795995410039 1.000000000000000000
0.874756210782890009 -1.391169041871610057 1.652167432008019965 1.000000000000000000
1.003873198122589905 -1.359845217649259919 1.669541102933040033 1.000000000000000000
1.130044653660440046 -1.316362315999840105 1.684719172757890071 1.000000000000000000
1.253270577396260022 -1.260720336923399909 1.697701641482540103 1.000000000000000000
1.370800441311460061 -1.193874123280429966 1.708158501584589928 1.000000000000000000
1.482634245406130091 -1.115823675070839904 1.716089753064039991 1.000000000000000000
1.588771989680080043 -1.026568992294750071 1.721495395920900062 1.000000000000000000
1.684695745460810024 -0.928267605251310024 1.723919237107480074 1.000000000000000000
1.770405512748360000 -0.820919513940399970 1.723361276623780025 1.000000000000000000
1.845901291542610068 -0.704524718362199986 1.719821514469809909 1.000000000000000000
1.909592685591970040 -0.583841413547489974 1.713693179225080021 1.000000000000000000
1.961479694896480108 -0.458869599496170011 1.704976270889569934 1.000000000000000000
2.001562319456040129 -0.329609276208439994 1.693670789463290083 1.000000000000000000
2.029235740269040189 -0.198913639478700000 1.680074509677450090 1.000000000000000000
2.044499957335459861 -0.066782689306869994 1.664187431532029970 1.000000000000000000
2.045927463995380169 0.000000442500040000 1.655098493279530070 1.000000000000000000
0.812302396212119970 -1.406947930269250024 1.750728865995410111 1.000000000000000000
0.874896152449559983 -1.392914606871610061 1.760015507008019897 1.000000000000000000
0.996742287011480044 -1.354029442093710012 1.776362856821930070 1.000000000000000000
1.115247043660440029 -1.304325759333180068 1.790484274424559930 1.000000000000000000
1.230410422396269965 -1.243803558590069969 1.802379759815869953 1.000000000000000000
1.340151077422579995 -1.173187912724870108 1.811781543806809891 1.000000000000000000
1.444469008739460048 -1.092478821737500105 1.818689626397379966 1.000000000000000000
1.543364216346750029 -1.001676285628090080 1.823104007587559972 1.000000000000000000
1.632489614349700080 -0.902878395251309973 1.824546610440809902 1.000000000000000000
1.711845202748359940 -0.796085150607069969 1.823017434957119987 1.000000000000000000
1.781430981542609926 -0.681296551695530050 1.818516481136480012 1.000000000000000000
1.840046966703090092 -0.563185065769709947 1.811524768113969897 1.000000000000000000
1.887693158229809987 -0.441750692829500025 1.802042295889570100 1.000000000000000000
1.924369556122710101 -0.316993432875100012 1.790069064463289950 1.000000000000000000
1.949784665824600083 -0.191102703923139994 1.775877913566340061 1.000000000000000000
1.963938487335459948 -0.064078505973540006 1.759468843198700005 1.000000000000000000
1.965384753995379929 0.000000327500040000 1.750155348279530010 1.000000000000000000
0.815919126074149959 -1.413212545030239964 1.863389769379460104 1.000000000000000000
0.875041699940990014 -1.395025490700970039 1.871557167558240087 1.000000000000000000
0.989588773354159956 -1.349109608791579928 1.885803919629780001 1.000000000000000000
1.100437772446799967 -1.293651953631330009 1.897962627415270109 1.000000000000000000
1.207588697218769935 -1.228652525220290004 1.908033290914699975 1.000000000000000000
1.309540649700589920 -1.154556355076159946 1.915806757051089937 1.000000000000000000
1.406293629892330088 -1.071363443198859899 1.921283025824430002 1.000000000000000000
1.497847637793850106 -0.979073789588499999 1.924462097234709956 1.000000000000000000
1.580126489649460009 -0.879805160873190051 1.924909622905969897 1.000000000000000000
1.653130185459180002 -0.773557557052820033 1.922625602838200054 1.000000000000000000
1.716858725222909943 -0.660330978127550039 1.917610037031399983 1.000000000000000000
1.770389448876670047 -0.544624756976709978 1.910356480787809952 1.000000000000000000
1.813722356420470083 -0.426438893600189994 1.900864934107429960 1.000000000000000000
1.846857447854250101 -0.305773387998179991 1.889135396990260007 1.000000000000000000
1.869789491132529902 -0.184194579842160006 1.875398726403769922 1.000000000000000000
1.882518486255299939 -0.061702469132040000 1.859654922347939943 1.000000000000000000
1.883781459738909980 0.000000237500030000 1.850779453585370105 1.000000000000000000
0.819575140854789996 -1.419545259650280000 1.980365512360910074 1.000000000000000000
0.875192853265259973 -1.397501693885730090 1.986792418977459951 1.000000000000000000
0.982412657118060029 -1.345085719033020100 1.997864295128380041 1.000000000000000000
1.085616840002729955 -1.284340900856659973 2.007154234197110032 1.000000000000000000
1.184805401919100110 -1.215267239356750073 2.014662236183640154 1.000000000000000000
1.278969158201550105 -1.137979453293000098 2.020234141896560143 1.000000000000000000
1.368108108850129900 -1.052477542665350096 2.023869951335880213 1.000000000000000000
1.452222253864710044 -0.958761507473909980 2.025569664501590150 1.000000000000000000
1.527606371133999996 -0.859047905451949978 2.025008274122269913 1.000000000000000000
1.594260460658029954 -0.753336736599400036 2.022185780197919946 1.000000000000000000
1.652184522436699998 -0.641628000916400043 2.017102182728539805 1.000000000000000000
1.700620131951720015 -0.528160490186780018 2.010188318686790154 1.000000000000000000
1.739567289203109990 -0.412934204410470018 2.001444188072670105 1.000000000000000000
1.769025994190809969 -0.295949143587640018 1.990869790886190094 1.000000000000000000
1.789250215409329936 -0.178189268535809991 1.978636953542810106 1.000000000000000000
1.800239952858669890 -0.059654579254910002 1.964745676042499944 1.000000000000000000
1.801117579698749971 0.000000172500030000 1.956970817213879998 1.000000000000000000
0.822656289022549947 -1.424882215806930086 2.099236702901019935 1.000000000000000000
0.875344687440470004 -1.399807715833710109 2.103799292843059998 1.000000000000000000
0.976472662389989976 -1.342302244768510011 2.111567132515340006 1.000000000000000000
1.073351815453200020 -1.277440302584510023 2.117977631975819897 1.000000000000000000
1.165982146629940042 -1.205221889281810066 2.123030791224489899 1.000000000000000000
1.253711798611119921 -1.125461423576910036 2.126620124412290203 1.000000000000000000
1.336540771396810046 -1.038158905469720006 2.128745631539210148 1.000000000000000000
1.414469064986870084 -0.943314334960379974 2.129407312605259950 1.000000000000000000
1.484168848676139962 -0.843253468668849981 2.128393013120609911 1.000000000000000000
1.545640122464650101 -0.737976306595039988 2.125702733085249818 1.000000000000000000
1.598882886352299915 -0.627482848739109977 2.121336472499200099 1.000000000000000000
1.643192793694359999 -0.515762263527409948 2.115620618086119897 1.000000000000000000
1.678569844490839902 -0.402814550959860018 2.108555169846019872 1.000000000000000000
1.705014038741700100 -0.288639711036620006 2.100140127778889809 1.000000000000000000
1.722982415556320035 -0.173753156395960007 2.090491325794289867 1.000000000000000000
1.732474974934709921 -0.058154887037779997 2.079608763892189849 1.000000000000000000
1.732983345905769967 0.000000105000030000 2.073550602982400015 1.000000000000000000
0.825162568872169988 -1.429223410546460071 2.220003315655020071 1.000000000000000000
0.875497202431320010 -1.401943555705569944 2.222577764049680216 1.000000000000000000
0.971768792672230042 -1.340759188749979902 2.226912407261290028 1.000000000000000000
1.063642706035740071 -1.272950164520580074 2.230432796895169822 1.000000000000000000
1.151118942521730082 -1.198516483017469936 2.233138932951329814 1.000000000000000000
1.233768585918830096 -1.117002275751129980 2.234964682356059829 1.000000000000000000
1.311591636227090074 -1.028407542721470058 2.235910045109350097 1.000000000000000000
1.384588093446400103 -0.932732283928640049 2.235975021211200175 1.000000000000000000
1.449813947959659899 -0.832421862652079958 2.235063820609250129 1.000000000000000000
1.507269199766900103 -0.727476278891709960 2.233176443303499958 1.000000000000000000
1.556953848868039891 -0.617895532647680046 2.230312889293939893 1.000000000000000000
1.598107468621700056 -0.507430086805120029 2.226653363090819848 1.000000000000000000
1.630730059027899914 -0.396079941363939980 2.222197864694119840 1.000000000000000000
1.654821620086579959 -0.283845096324299995 2.216946394103850082 1.000000000000000000
1.670986131453880086 -0.170886247123530011 2.210961830788280125 1.000000000000000000
1.679223593129790082 -0.057203393761529997 2.204244174747400198 1.000000000000000000
1.679378799122049903 0.000000035000030000 2.200518800364310135 1.000000000000000000
0.826748829680200026 -1.431226720160599930 2.340193282585599999 1.000000000000000000
0.876393240879629998 -1.402546443779790097 2.340983471677520189 1.000000000000000000
0.971057387869460054 -1.338784367266319997 2.342292494600850095 1.000000000000000000
1.061096859450280094 -1.268620767000969929 2.343330162263669969 1.000000000000000000
1.146511655621939907 -1.192055642983850028 2.344096474665999796 1.000000000000000000
1.226570758448209952 -1.109404044900639930 2.344568453452430035 1.000000000000000000
1.301274167929149961 -1.020665972751279904 2.344746098622970010 1.000000000000000000
1.370621884064650020 -0.925841426535879974 2.344629410177620166 1.000000000000000000
1.432651857762970105 -0.826800229086560035 2.344199584209429865 1.000000000000000000
1.487364089024169944 -0.723542380403220053 2.343456620718410210 1.000000000000000000
1.534758577848150063 -0.616067880486010022 2.342400519704550099 1.000000000000000000
1.574200043532349991 -0.507008583071939967 2.341084837885940129 1.000000000000000000
1.605688486076789934 -0.396364488160910022 2.339509575262579855 1.000000000000000000
1.629223905481409940 -0.284135595753089998 2.337674731834459951 1.000000000000000000
1.644906921744460071 -0.171114825626750011 2.335598508730179823 1.000000000000000000
1.652737534865929891 -0.057302177781810001 2.333280905949730144 1.000000000000000000
1.652726639855869983 0.000000084999920000 2.332001414721419863 1.000000000000000000
0.827081949999999955 -1.431059429999999910 2.399999999999999911 1.000000000000000000
0.877213023333279995 -1.402081410000030059 2.399999999999999911 1.000000000000000000
0.972697923333259995 -1.337581072222270073 2.399999999999999911 1.000000000000000000
1.063405576666649921 -1.266536436666690024 2.399999999999999911 1.000000000000000000
1.149335983333289901 -1.188947503333370070 2.399999999999999911 1.000000000000000000
1.229344552222169984 -1.106035385555619976 2.399999999999999911 1.000000000000000000
1.303431283333319923 -1.017800083333360028 2.399999999999999911 1.000000000000000000
1.371596176666630029 -0.924241596666710019 2.399999999999999911 1.000000000000000000
1.432667234444400028 -0.826594403333410055 2.399999999999999911 1.000000000000000000
1.486644456666659897 -0.724858503333359994 2.399999999999999911 1.000000000000000000
1.533527843333309937 -0.619033896666720040 2.399999999999999911 1.000000000000000000
1.572835299999969960 -0.510753178888969983 2.399999999999999911 1.000000000000000000
1.604566826666659951 -0.400016350000029997 2.399999999999999911 1.000000000000000000
1.628722423333319957 -0.286823410000060008 2.399999999999999911 1.000000000000000000
1.644825878888880100 -0.172776863333419989 2.399999999999999911 1.000000000000000000
1.652877193333329942 -0.057876710000030002 2.399999999999999911 1.000000000000000000
1.652876779999999934 0.000000170000000000 2.399999999999999911 1.000000000000000000
1
