3
2 2
17 20
0.000000000000000000 0.000000000000000000 0.000000000000000000 0.067000000000000004 0.133000000000000007 0.200000000000000011 0.267000000000000015 0.333000000000000018 0.400000000000000022 0.467000000000000026 0.533000000000000029 0.599999999999999978 0.667000000000000037 0.732999999999999985 0.800000000000000044 0.866999999999999993 0.933000000000000052 1.000000000000000000 1.000000000000000000 1.000000000000000000
0.000000000000000000 0.000000000000000000 0.000000000000000000 0.056000000000000001 0.111000000000000001 0.167000000000000010 0.222000000000000003 0.278000000000000025 0.333000000000000018 0.389000000000000012 0.444000000000000006 0.500000000000000000 0.556000000000000050 0.610999999999999988 0.667000000000000037 0.721999999999999975 0.778000000000000025 0.832999999999999963 0.889000000000000012 0.943999999999999950 1.000000000000000000 1.000000000000000000 1.000000000000000000
0.827081949999999955 -1.431059429999999910 2.399999999999999911 1.000000000000000000
0.877213023333279995 -1.402081410000030059 2.399999999999999911 1.000000000000000000
0.972697923333259995 -1.337581072222270073 2.399999999999999911 1.000000000000000000
1.063405576666649921 -1.266536436666690024 2.399999999999999911 1.000000000000000000
1.149335983333289901 -1.188947503333370070 2.399999999999999911 1.000000000000000000
1.229344552222169984 -1.106035385555619976 2.399999999999999911 1.000000000000000000
1.303431283333319923 -1.017800083333360028 2.399999999999999911 1.000000000000000000
1.371596176666630029 -0.924241596666710019 2.399999999999999911 1.000000000000000000
1.432667234444400028 -0.826594403333410055 2.399999999999999911 1.000000000000000000
1.486644456666659897 -0.724858503333359994 2.399999999999999911 1.000000000000000000
1.533527843333309937 -0.619033896666720040 2.399999999999999911 1.000000000000000000
1.572835299999969960 -0.510753178888969983 2.399999999999999911 1.000000000000000000
1.604566826666659951 -0.400016350000029997 2.399999999999999911 1.000000000000000000
1.628722423333319957 -0.286823410000060008 2.399999999999999911 1.000000000000000000
1.644825878888880100 -0.172776863333419989 2.399999999999999911 1.000000000000000000
1.652877193333329942 -0.057876710000030002 2.399999999999999911 1.000000000000000000
1.652876779999999934 0.000000170000000000 2.399999999999999911 1.000000000000000000
0.827661870000000022 -1.430679269999999947 2.539192139999999931 1.000000000000000000
0.877795426666620027 -1.401698726666700034 2.539174373333330070 1.000000000000000000
0.973285518888819978 -1.337194172222269994 2.539146812222219829 1.000000000000000000
1.063998589999979982 -1.266146150000019954 2.539127223333330186 1.000000000000000000
1.149934639999959929 -1.188554660000040064 2.539115606666670022 1.000000000000000000
1.229948222222170040 -1.105640244444509923 2.539116320000000204 1.000000000000000000
1.304039336666650062 -1.017402903333360031 2.539129363333330058 1.000000000000000000
1.372207983333300074 -0.923842636666709960 2.539154736666669798 1.000000000000000000
1.433281532222179910 -0.826193487777849955 2.539195648888890045 1.000000000000000000
1.487259983333319990 -0.724455456666689979 2.539252100000000123 1.000000000000000000
1.534143336666639934 -0.618628543333390013 2.539324090000000034 1.000000000000000000
1.573450439999970030 -0.510345421111189967 2.539406083333330066 1.000000000000000000
1.605181293333330039 -0.399606090000030001 2.539498079999999991 1.000000000000000000
1.629335896666650019 -0.286410550000059994 2.539600080000000037 1.000000000000000000
1.645439287777769932 -0.172361434444530004 2.539705142222219880 1.000000000000000000
1.653491466666670018 -0.057458743333359999 2.539813266666670177 1.000000000000000000
1.653491950000000044 0.000419390000000000 2.539868859999999895 1.000000000000000000
0.854530860000000003 -1.420116570000000022 2.821641350000000159 1.000000000000000000
0.904916626666619983 -1.391011093333359927 2.821680793333329884 1.000000000000000000
1.000892695555489986 -1.326231804444500062 2.821773702222219793 1.000000000000000000
1.092073299999980041 -1.254884180000020111 2.821880633333329946 1.000000000000000000
1.178458439999960028 -1.176968220000039977 2.822001586666670114 1.000000000000000000
1.258895069999939942 -1.093710331111179990 2.822144322222219781 1.000000000000000000
1.333383189999979956 -1.005110513333359989 2.822308839999999819 1.000000000000000000
1.401922799999969937 -0.911168766666709984 2.822495140000000013 1.000000000000000000
1.463333638888850041 -0.813124938888959981 2.822708416666670050 1.000000000000000000
1.517615706666660014 -0.710979030000030043 2.822948670000000160 1.000000000000000000
1.564769003333309927 -0.604731040000049958 2.823215900000000111 1.000000000000000000
1.604307871111090078 -0.496020998888969999 2.823496876666669930 1.000000000000000000
1.636232309999990031 -0.384848906666700019 2.823791599999999846 1.000000000000000000
1.660542319999990024 -0.271214763333390008 2.824100070000000073 1.000000000000000000
1.676758208888879942 -0.156728518888980012 2.824406034444439939 1.000000000000000000
1.684879976666669998 -0.041390173333360002 2.824709493333330101 1.000000000000000000
1.684893799999999997 0.016705049999999999 2.824859969999999887 1.000000000000000000
0.889896629999999966 -1.409601459999999973 3.098600830000000084 1.000000000000000000
0.940626336666619989 -1.380314493333359982 3.098586436666669996 1.000000000000000000
1.037260135555490015 -1.315130322222270109 3.098591547777779898 1.000000000000000000
1.129068319999980030 -1.243335913333349918 3.098630556666670088 1.000000000000000000
1.216050889999960027 -1.164931266666709986 3.098703463333329911 1.000000000000000000
1.297046574444389977 -1.081151507777839971 3.098817053333330129 1.000000000000000000
1.372055373333320061 -0.991996636666690024 3.098971326666669857 1.000000000000000000
1.441077286666629931 -0.897466653333380049 3.099166283333329996 1.000000000000000000
1.502923515555510070 -0.798809986666739968 3.099406529999999993 1.000000000000000000
1.557594059999990010 -0.696026636666689957 3.099692066666670076 1.000000000000000000
1.605088919999980046 -0.589116603333389999 3.100022893333330032 1.000000000000000000
1.644917216666639925 -0.479730602222310010 3.100385352222220003 1.000000000000000000
1.677078949999990076 -0.367868633333360007 3.100779443333330221 1.000000000000000000
1.701574119999990087 -0.253530696666720012 3.101205166666670010 1.000000000000000000
1.717917471111100047 -0.138337205555639997 3.101646233333330116 1.000000000000000000
1.726109003333329950 -0.022288160000030002 3.102102643333330079 1.000000000000000000
1.726128859999999987 0.036164139999999997 3.102338519999999988 1.000000000000000000
0.918131350000000013 -1.406172549999999966 3.350373869999999865 1.000000000000000000
0.969096656666620038 -1.376710533333360020 3.349781523333330124 1.000000000000000000
1.066170629999930064 -1.311137883333389986 3.348709632222219845 1.000000000000000000
1.158387963333310067 -1.238916616666690063 3.347750543333329887 1.000000000000000000
1.245748656666620047 -1.160046733333369939 3.346904256666670019 1.000000000000000000
1.327089692222160000 -1.075768473333400088 3.346179155555559781 1.000000000000000000
1.402411069999980109 -0.986081836666690026 3.345575240000000061 1.000000000000000000
1.471712789999970017 -0.890986823333379974 3.345092510000000185 1.000000000000000000
1.533803953333289893 -0.791737422222300036 3.344740206666669824 1.000000000000000000
1.588684559999989920 -0.688333633333359951 3.344518330000000095 1.000000000000000000
1.636354609999979948 -0.580775456666720036 3.344426879999999880 1.000000000000000000
1.676324581111090062 -0.470721534444530021 3.344465866666670006 1.000000000000000000
1.708594473333330033 -0.358171866666699978 3.344635289999999817 1.000000000000000000
1.733164286666649900 -0.243126453333390002 3.344935149999999968 1.000000000000000000
1.749550619999989953 -0.127213326666750004 3.345366263333330092 1.000000000000000000
1.757753473333329985 -0.010432486666700000 3.345928629999999959 1.000000000000000000
1.757763160000000102 0.048391789999999997 3.346275439999999879 1.000000000000000000
0.927885249999999995 -1.429028259999999939 3.796470729999999794 1.000000000000000000
0.979309933333279981 -1.399283790000029892 3.799436346666659858 1.000000000000000000
1.077252657777709954 -1.333049993333389915 3.805143067777769783 1.000000000000000000
1.170288739999979954 -1.260071340000020079 3.810625276666669947 1.000000000000000000
1.258418179999960085 -1.180347830000040066 3.815882973333330153 1.000000000000000000
1.340465748888830078 -1.095138752222289957 3.820847877777770130 1.000000000000000000
1.416431446666650107 -1.004444106666690040 3.825519990000000092 1.000000000000000000
1.486315273333300047 -0.908263893333379979 3.829899310000000057 1.000000000000000000
1.548913812222179942 -0.807870376666739998 3.833914812222220192 1.000000000000000000
1.604227063333319991 -0.703263556666690048 3.837566496666669824 1.000000000000000000
1.652255026666640036 -0.594443433333390003 3.840854363333329857 1.000000000000000000
1.692502133333309899 -0.483091504444529973 3.843734396666659947 1.000000000000000000
1.724968383333330024 -0.369207770000030022 3.846206596666669864 1.000000000000000000
1.749653776666650007 -0.252792230000060014 3.848270963333329853 1.000000000000000000
1.766068272222210078 -0.135495438888979997 3.849882136666670007 1.000000000000000000
1.774211870000000024 -0.017317396666700000 3.851040116666669899 1.000000000000000000
1.774148220000000054 0.042212250000000000 3.851392510000000158 1.000000000000000000
0.899992730000000019 -1.462527340000000065 4.210351069999999751 1.000000000000000000
0.951723186666610044 -1.432453590000029919 4.216227426666660172 1.000000000000000000
1.050245279999930004 -1.365499021111159950 4.227466272222209831 1.000000000000000000
1.143828553333309905 -1.291737383333350087 4.238191249999999854 1.000000000000000000
1.232473006666620075 -1.211168676666710020 4.248402359999990274 1.000000000000000000
1.314996861111050075 -1.125062572222290003 4.257969233333329662 1.000000000000000000
1.391400116666650089 -1.033419070000020090 4.266891870000000253 1.000000000000000000
1.461682773333299989 -0.936238170000050052 4.275170270000000272 1.000000000000000000
1.524634804444400027 -0.834803213333410010 4.282669829999999678 1.000000000000000000
1.580256209999989947 -0.729114200000030022 4.289390550000000246 1.000000000000000000
1.628546989999980044 -0.619171130000049974 4.295332430000000201 1.000000000000000000
1.669010116666640009 -0.506671297777860019 4.300434292222219845 1.000000000000000000
1.701645589999990049 -0.391614703333360015 4.304696136666669837 1.000000000000000000
1.726453409999989974 -0.274001346666729984 4.308117963333329747 1.000000000000000000
1.742942347777769907 -0.155497326666760000 4.310639738888889738 1.000000000000000000
1.751112403333330070 -0.036102643333360003 4.312261463333330269 1.000000000000000000
1.751037989999999933 0.024040030000000000 4.312622300000000131 1.000000000000000000
0.844888630000000029 -1.485225159999999933 4.626598470000000241 1.000000000000000000
0.896832339999950046 -1.454870883333359899 4.635591156666659884 1.000000000000000000
0.995776903333259966 -1.387287101111170040 4.652799365555540412 1.000000000000000000
1.089778609999979997 -1.312828090000019987 4.669230409999999942 1.000000000000000000
1.178837459999960036 -1.231493850000040080 4.684884289999989626 1.000000000000000000
1.261768073333269902 -1.144563902222289986 4.699541615555549612 1.000000000000000000
1.338570449999979983 -1.052038246666689991 4.713202386666660360 1.000000000000000000
1.409244589999959940 -0.953916883333379984 4.725866603333329863 1.000000000000000000
1.472576679999960003 -0.851493402222299967 4.737311129999990378 1.000000000000000000
1.528566719999989942 -0.744767803333360012 4.747535966666659668 1.000000000000000000
1.577214709999980036 -0.633740086666719993 4.756541113333329740 1.000000000000000000
1.618020979999970077 -0.520122774444530034 4.764222879999990390 1.000000000000000000
1.650985529999990042 -0.403915866666699985 4.770581266666670039 1.000000000000000000
1.676108359999989972 -0.285119363333389997 4.775616273333329609 1.000000000000000000
1.692896146666660107 -0.165414138888979989 4.779224424444439734 1.000000000000000000
1.701348890000000003 -0.044800193333360001 4.781405720000000414 1.000000000000000000
1.701407740000000057 0.015961139999999999 4.781782940000000259 1.000000000000000000
0.779149960000000030 -1.488514420000000005 4.973628050000000300 1.000000000000000000
0.830820106666609992 -1.457989520000029904 4.985764043333319684 1.000000000000000000
0.929188295555479993 -1.390009471111169903 5.009331603333319727 1.000000000000000000
1.022584379999980086 -1.315099173333349913 5.032194736666659729 1.000000000000000000
1.111008359999960060 -1.233258626666710045 5.054353443333320151 1.000000000000000000
1.193302719999939976 -1.145774267777849964 5.075405507777760228 1.000000000000000000
1.269467459999980008 -1.052646096666689957 5.095350930000000389 1.000000000000000000
1.339502579999960030 -0.953874113333380014 5.114189709999990008 1.000000000000000000
1.402220042222179996 -0.850759083333409993 5.131525237777769810 1.000000000000000000
1.457619846666649899 -0.743301006666689967 5.147357513333330026 1.000000000000000000
1.505701993333310007 -0.631499883333390022 5.161686536666659997 1.000000000000000000
1.545989044444419980 -0.517079362222309991 5.174269057777769909 1.000000000000000000
1.578480999999990031 -0.400039443333360001 5.185105076666659762 1.000000000000000000
1.603177859999989963 -0.280380126666730012 5.194194593333329557 1.000000000000000000
1.619610706666660072 -0.159793095555649994 5.201285046666660250 1.000000000000000000
1.627779539999999914 -0.038278350000029999 5.206376436666669605 1.000000000000000000
1.627731950000000039 0.022942879999999999 5.207922599999999846 1.000000000000000000
0.688219440000000016 -1.488019629999999927 5.354470369999999591 1.000000000000000000
0.739529499999949991 -1.457484520000029926 5.368337449999989630 1.000000000000000000
0.837249962222149979 -1.389461652222280019 5.395015752222199978 1.000000000000000000
0.930070766666640014 -1.314486136666690008 5.420638196666660136 1.000000000000000000
1.017991913333289977 -1.232557973333370027 5.445204783333320364 1.000000000000000000
1.099848983333270080 -1.144967405555620044 5.468356506666649963 1.000000000000000000
1.175641976666649935 -1.051714433333359899 5.490093366666659591 1.000000000000000000
1.245370893333300089 -0.952799056666720046 5.510415363333319938 1.000000000000000000
1.307842382222180078 -0.849525568888970017 5.528959585555539569 1.000000000000000000
1.363056443333320100 -0.741893970000029990 5.545726033333330030 1.000000000000000000
1.411013076666639998 -0.629904260000059946 5.560714706666660234 1.000000000000000000
1.451223803333310025 -0.515285067777869976 5.573739998888879832 1.000000000000000000
1.483688623333329959 -0.398036393333359995 5.584801910000000369 1.000000000000000000
1.508407536666650062 -0.278158236666730008 5.593900439999999641 1.000000000000000000
1.524898754444439897 -0.157347332222310010 5.600849777777770377 1.000000000000000000
1.533162276666669932 -0.035603680000030002 5.605649923333330342 1.000000000000000000
1.533180189999999943 0.025734520000000000 5.606975399999999610 1.000000000000000000
0.595245930000000034 -1.494504559999999982 5.680942499999999562 1.000000000000000000
0.645172896666620033 -1.464442610000030065 5.698448389999979824 1.000000000000000000
0.740116385555489975 -1.397448067777830039 5.732387967777749616 1.000000000000000000
0.830149429999979982 -1.323582883333350058 5.765255343333329563 1.000000000000000000
0.915272029999960046 -1.242847056666710026 5.797050516666650388 1.000000000000000000
0.994354243333280041 -1.156512307777850079 5.827348286666640398 1.000000000000000000
1.067396069999980046 -1.064578636666690059 5.856148653333329790 1.000000000000000000
1.134397509999969911 -0.967046043333379957 5.883451616666650175 1.000000000000000000
1.194201046666629962 -0.865200250000080051 5.908821211111090044 1.000000000000000000
1.246806679999989953 -0.759041256666689979 5.932257436666660055 1.000000000000000000
1.292214409999979940 -0.648569063333390039 5.953760293333320242 1.000000000000000000
1.329966519999979946 -0.535489878888980031 5.973080286666649918 1.000000000000000000
1.360063009999989969 -0.419803703333359979 5.990217416666659744 1.000000000000000000
1.382503879999990026 -0.301510536666730000 6.005171683333330179 1.000000000000000000
1.396836742222220096 -0.182285338888979992 6.017698283333330345 1.000000000000000000
1.403061596666669963 -0.062128110000029997 6.027797216666660240 1.000000000000000000
1.402120019999999911 -0.001583480000000000 6.031632850000000268 1.000000000000000000
0.494221089999999974 -1.529654040000000048 5.946286269999999874 1.000000000000000000
0.541352989999949963 -1.500742330000029989 5.970139626666639998 1.000000000000000000
0.630611827777709966 -1.436191837777829994 6.017169438888849697 1.000000000000000000
0.714865703333310010 -1.364914273333349914 6.063522349999989736 1.000000000000000000
0.794114616666629969 -1.286909636666710099 6.109198359999980177 1.000000000000000000
0.867316745555499979 -1.203408080000069935 6.153558673333299645 1.000000000000000000
0.934472089999979993 -1.114409603333359922 6.196603289999989883 1.000000000000000000
0.995580649999969980 -1.019914206666709955 6.238332209999979838 1.000000000000000000
1.049574576666630010 -0.921165476666739980 6.278093291111080276 1.000000000000000000
1.096453869999989950 -0.818163413333359957 6.315886533333319619 1.000000000000000000
1.136218529999980076 -0.710908016666719988 6.351711936666649905 1.000000000000000000
1.168494983333310033 -0.601056253333420054 6.385102278888860283 1.000000000000000000
1.193283230000000028 -0.488608123333360012 6.416057559999989834 1.000000000000000000
1.210583269999990108 -0.373563626666719995 6.444577779999989708 1.000000000000000000
1.220026694444440007 -0.257549040000089990 6.470201408888869743 1.000000000000000000
1.221613503333339956 -0.140564363333360004 6.492928446666660136 1.000000000000000000
1.218478600000000078 -0.081586980000000003 6.502843669999999854 1.000000000000000000
0.377808770000000016 -1.587057630000000108 6.185027329999999601 1.000000000000000000
0.422132136666619973 -1.559614623333360095 6.214043869999970049 1.000000000000000000
0.505692247777720039 -1.498137734444489944 6.271769571111070363 1.000000000000000000
0.584165736666649948 -1.430069970000019897 6.329187893333320325 1.000000000000000000
0.657552603333300012 -1.355411330000040104 6.386298836666640000 1.000000000000000000
0.724892777777729980 -1.275340437777839897 6.442293108888850206 1.000000000000000000
0.786186259999990034 -1.189857293333359989 6.497170709999990024 1.000000000000000000
0.841433049999970040 -1.098961896666710070 6.550931639999969747 1.000000000000000000
0.889648656666629956 -1.003845615555629900 6.602751279999959699 1.000000000000000000
0.930833079999989987 -0.904508450000029995 6.652629629999990080 1.000000000000000000
0.964986319999979969 -0.800950400000050022 6.700566689999980063 1.000000000000000000
0.991808088888869954 -0.694773855555639974 6.745925924444409638 1.000000000000000000
1.011298386666660054 -0.585978816666690050 6.788707333333319660 1.000000000000000000
1.023457213333329952 -0.474565283333389987 6.828910916666649733 1.000000000000000000
1.027987151111110053 -0.362105861111200023 6.865910525555530164 1.000000000000000000
1.024888199999999916 -0.248600550000030007 6.899706159999990263 1.000000000000000000
1.019524279999999949 -0.191324949999999994 6.915001990000000376 1.000000000000000000
0.187402370000000013 -1.693686859999999905 6.515850559999999625 1.000000000000000000
0.228809183333290006 -1.668175380000030072 6.549681633333300113 1.000000000000000000
0.306614342222169989 -1.610528415555599890 6.617048021111060052 1.000000000000000000
0.379411033333319991 -1.546257446666680080 6.684118649999979844 1.000000000000000000
0.447199256666630018 -1.475362473333369895 6.750893519999969783 1.000000000000000000
0.509094522222179990 -1.398975687777840093 6.816422661111060322 1.000000000000000000
0.565096829999990002 -1.317097090000020065 6.880706073333319850 1.000000000000000000
0.615206179999969960 -1.229726680000039929 6.943743756666640010 1.000000000000000000
0.658515431111080018 -1.138007353333400085 7.004568219999960377 1.000000000000000000
0.695024583333329948 -1.041939110000029922 7.063179463333320030 1.000000000000000000
0.724733636666650027 -0.941521950000050012 7.119577486666639921 1.000000000000000000
0.747395513333319994 -0.838321984444519996 7.173012328888850320 1.000000000000000000
0.763010213333329967 -0.732339213333360051 7.223483989999990307 1.000000000000000000
0.771577736666659963 -0.623573636666720055 7.270992469999979946 1.000000000000000000
0.772851961111109986 -0.513562903333420029 7.314800947777749585 1.000000000000000000
0.766832886666670044 -0.402307013333359997 7.354909423333319651 1.000000000000000000
0.760176700000000038 -0.346056489999999994 7.373113659999999570 1.000000000000000000
-0.032265929999999998 -1.830744380000000060 6.855419180000000168 1.000000000000000000
0.005466096666630000 -1.807808853333360055 6.894625776666630124 1.000000000000000000
0.075957425555509994 -1.755316854444489927 6.972682285555499959 1.000000000000000000
0.141476029999979991 -1.696203910000019910 7.050382109999979718 1.000000000000000000
0.202021909999969995 -1.630470020000029940 7.127725249999960155 1.000000000000000000
0.256817052222179987 -1.559169385555609910 7.203611056666609613 1.000000000000000000
0.305861456666659981 -1.482302006666690097 7.278039529999979607 1.000000000000000000
0.349155123333310002 -1.399867883333369978 7.351010669999960001 1.000000000000000000
0.385898802222200021 -1.312931193333400026 7.421404044444390280 1.000000000000000000
0.416092493333329982 -1.221491936666690092 7.489219653333320181 1.000000000000000000
0.439736196666649981 -1.125550113333380065 7.554457496666629801 1.000000000000000000
0.456664763333320012 -1.026609423333409987 7.616252322222179849 1.000000000000000000
0.466878193333330027 -0.924669866666690043 7.674604129999989865 1.000000000000000000
0.470376486666659988 -0.819731443333389986 7.729512919999970144 1.000000000000000000
0.466994260000009986 -0.713270263333410037 7.780128837777740003 1.000000000000000000
0.456731513333340000 -0.605286326666690022 7.826451883333319870 1.000000000000000000
0.448159880000000010 -0.550532979999999950 7.847466970000000153 1.000000000000000000
-0.205621040000000005 -1.956094949999999999 7.085308140000000421 1.000000000000000000
-0.170076126666699995 -1.934675906666690093 7.127242069999960350 1.000000000000000000
-0.104027061111160002 -1.885335291111150058 7.210811824444379958 1.000000000000000000
-0.043018756666680001 -1.829492146666680030 7.294083473333309975 1.000000000000000000
0.012948786666640000 -1.767146473333359946 7.377057016666619838 1.000000000000000000
0.063164648888849997 -1.699299277777829964 7.458550888888829888 1.000000000000000000
0.107628829999990003 -1.625950560000019918 7.538565089999980096 1.000000000000000000
0.146341329999980008 -1.547100320000039941 7.617099619999960325 1.000000000000000000
0.178570974444419994 -1.463759427777840072 7.692951324444390337 1.000000000000000000
0.204317763333329988 -1.375927883333359913 7.766120203333319871 1.000000000000000000
0.223581696666660001 -1.283605686666710044 7.836606256666629911 1.000000000000000000
0.236260415555549996 -1.188242803333410036 7.903468917777730418 1.000000000000000000
0.242353920000000000 -1.089839233333359969 7.966708186666649816 1.000000000000000000
0.241862209999999994 -0.988394976666720049 8.026324063333300174 1.000000000000000000
0.234682014444449999 -0.885333294444520025 8.081391723333290145 1.000000000000000000
0.220813333333339995 -0.780654186666689953 8.131911166666650814 1.000000000000000000
0.210534749999999993 -0.727505920000000028 8.154896779999999623 1.000000000000000000
-0.282435619999999998 -2.021701740000000136 7.169119239999999671 1.000000000000000000
-0.246420143333370006 -1.999844340000020093 7.210150896666630338 1.000000000000000000
-0.179664201111159993 -1.949857396666710097 7.292242526666609770 1.000000000000000000
-0.118183270000009999 -1.893598310000019991 7.374362473333309964 1.000000000000000000
-0.061977350000029997 -1.831067080000029934 7.456510736666629668 1.000000000000000000
-0.011749737777810000 -1.763257908888939962 7.537498915555500112 1.000000000000000000
0.032499566666659999 -1.690170796666689901 7.617327009999979914 1.000000000000000000
0.070770563333309999 -1.611805743333369900 7.695995019999959830 1.000000000000000000
0.102337181111089998 -1.529168715555619951 7.772296666666609788 1.000000000000000000
0.127199420000000007 -1.442259713333359894 7.846231949999980415 1.000000000000000000
0.145357279999990013 -1.351078736666710078 7.917800869999959801 1.000000000000000000
0.156720964444440003 -1.257061031111180061 7.986047651111060297 1.000000000000000000
0.161290473333329992 -1.160206596666689904 8.050972293333320096 1.000000000000000000
0.159065806666670001 -1.060515433333379942 8.112574796666640609 1.000000000000000000
0.149952737777790002 -0.959398871111190044 8.169919121111069771 1.000000000000000000
0.133951266666670010 -0.856856910000029948 8.223005266666660873 1.000000000000000000
0.122506329999999997 -0.804873229999999995 8.247419250000000090 1.000000000000000000
-0.389031610000000028 -2.120669900000000219 7.284683949999999797 1.000000000000000000
-0.353407930000040005 -2.099056750000019900 7.325750179999960032 1.000000000000000000
-0.287599483333379979 -2.049751780000040213 7.408163424444380141 1.000000000000000000
-0.227229950000010006 -1.994368140000019940 7.490857453333309657 1.000000000000000000
-0.172299330000030004 -1.932905830000029912 7.573832266666629565 1.000000000000000000
-0.123490700000029999 -1.866341222222269947 7.655885841111049750 1.000000000000000000
-0.080804060000010003 -1.794674316666690084 7.737018176666650149 1.000000000000000000
-0.044239410000019998 -1.717905113333370037 7.817229273333290429 1.000000000000000000
-0.014502017777800000 -1.637021543333400109 7.895298814444389635 1.000000000000000000
0.008408116666660000 -1.552023606666689926 7.971226799999979740 1.000000000000000000
0.024490993333330002 -1.462911303333380042 8.045013229999959492 1.000000000000000000
0.033692246666660000 -1.371084943333400030 8.115664687777730535 1.000000000000000000
0.036011876666670002 -1.276544526666689938 8.183181173333320402 1.000000000000000000
0.031449883333339999 -1.179290053333380106 8.247562686666629617 1.000000000000000000
0.019947543333349999 -1.080698353333410022 8.307836159999959946 1.000000000000000000
0.001504856666670000 -0.980769426666689981 8.364001593333320272 1.000000000000000000
-0.011186659999999999 -0.930136349999999945 8.390030290000000335 1.000000000000000000
-0.484779379999999982 -2.221982709999999805 7.396495739999999763 1.000000000000000000
-0.449355873333370015 -2.200584596666689929 7.437486423333290020 1.000000000000000000
-0.384117973333379992 -2.151899827777819851 7.520011848888829675 1.000000000000000000
-0.324489186666679974 -2.097326516666679908 7.603081333333309821 1.000000000000000000
-0.270469513333360001 -2.036864663333359804 7.686694876666620324 1.000000000000000000
-0.222730056666700010 -1.971476586666720099 7.769644042222160429 1.000000000000000000
-0.181270816666679990 -1.901162286666689960 7.851928829999979875 1.000000000000000000
-0.146091793333350012 -1.825921763333369974 7.933549239999959646 1.000000000000000000
-0.117884977777800007 -1.746727721111170029 8.013276988888829777 1.000000000000000000
-0.096650369999999999 -1.663580160000019958 8.091112076666650665 1.000000000000000000
-0.082387970000009997 -1.576479080000039890 8.167054503333300630 1.000000000000000000
-0.075117153333340000 -1.486786827777849984 8.240068795555499648 1.000000000000000000
-0.074837920000000002 -1.394503403333360092 8.310154953333320549 1.000000000000000000
-0.081550269999999994 -1.299628806666710101 8.377312976666630107 1.000000000000000000
-0.095276903333320007 -1.203501051111180109 8.440526794444400238 1.000000000000000000
-0.116017819999990002 -1.106120136666689957 8.499796406666650483 1.000000000000000000
-0.129895420000000011 -1.056803099999999995 8.527459110000000564 1.000000000000000000
-0.526364429999999994 -2.270294639999999919 7.456872849999999886 1.000000000000000000
-0.490960030000040015 -2.248933560000020204 7.497886206666629860 1.000000000000000000
-0.425847542222270004 -2.200422322222260085 7.580585527777720323 1.000000000000000000
-0.366431366666680025 -2.146122006666680182 7.663957456666650181 1.000000000000000000
-0.312711503333360008 -2.086032613333359986 7.748001993333289761 1.000000000000000000
-0.265356673333369986 -2.021112300000050155 7.831507297777720034 1.000000000000000000
-0.224366876666680010 -1.951361066666690069 7.914473369999980079 1.000000000000000000
-0.189742113333350004 -1.876778913333370102 7.996900209999959763 1.000000000000000000
-0.162171075555570005 -1.798333590000060100 8.077554782222160057 1.000000000000000000
-0.141653763333340010 -1.716025096666689898 8.156437086666649350 1.000000000000000000
-0.128190176666670014 -1.629853433333380064 8.233547123333300632 1.000000000000000000
-0.121782891111110000 -1.541162460000069956 8.307823976666609767 1.000000000000000000
-0.122431906666659998 -1.449952176666690074 8.379267646666649583 1.000000000000000000
-0.130137223333329999 -1.356222583333380083 8.447878133333299289 1.000000000000000000
-0.144903918888869998 -1.261292590000069991 8.512612477777729225 1.000000000000000000
-0.166731993333329997 -1.165162196666690075 8.573470679999989130 1.000000000000000000
-0.181176720000000013 -1.116496799999999956 8.601961709999999428 1.000000000000000000
1
