3
2 2
17 26
0.000000000000000000 0.000000000000000000 0.000000000000000000 0.067000000000000004 0.133000000000000007 0.200000000000000011 0.267000000000000015 0.333000000000000018 0.400000000000000022 0.467000000000000026 0.533000000000000029 0.599999999999999978 0.667000000000000037 0.732999999999999985 0.800000000000000044 0.866999999999999993 0.933000000000000052 1.000000000000000000 1.000000000000000000 1.000000000000000000
0.000000000000000000 0.000000000000000000 0.000000000000000000 0.042000000000000003 0.083000000000000004 0.125000000000000000 0.167000000000000010 0.207999999999999990 0.250000000000000000 0.291999999999999982 0.333000000000000018 0.375000000000000000 0.416999999999999982 0.458000000000000018 0.500000000000000000 0.542000000000000037 0.582999999999999963 0.625000000000000000 0.667000000000000037 0.707999999999999963 0.750000000000000000 0.792000000000000037 0.832999999999999963 0.875000000000000000 0.917000000000000037 0.957999999999999963 1.000000000000000000 1.000000000000000000 1.000000000000000000
0.655499990000000032 1.135359309999999899 0.000000000000000000 1.000000000000000000
0.616509590000040020 1.157838013333309934 0.000000000000000000 1.000000000000000000
0.536008937777839978 1.197251766666640016 0.000000000000000000 1.000000000000000000
0.452988433333349982 1.231121866666659903 0.000000000000000000 1.000000000000000000
0.367448076666709977 1.259448313333320080 0.000000000000000000 1.000000000000000000
0.279099608888960016 1.281773296666649964 0.000000000000000000 1.000000000000000000
0.187943030000019995 1.298096816666659992 0.000000000000000000 1.000000000000000000
0.093978340000049995 1.308418873333329957 0.000000000000000000 1.000000000000000000
0.000012805555630000 1.311860102222220048 0.000000000000000000 1.000000000000000000
-0.093953573333310003 1.308420503333340035 0.000000000000000000 1.000000000000000000
-0.187920796666620010 1.298100076666669933 0.000000000000000000 1.000000000000000000
-0.279080521111039981 1.281777514444460087 0.000000000000000000 1.000000000000000000
-0.367432746666649990 1.259452816666670083 0.000000000000000000 1.000000000000000000
-0.452977473333290026 1.231125983333350105 0.000000000000000000 1.000000000000000000
-0.536002355555490029 1.197254796666689991 0.000000000000000000 1.000000000000000000
-0.616507393333309950 1.157839256666679972 0.000000000000000000 1.000000000000000000
-0.655499990000000032 1.135359309999999899 0.000000000000000000 1.000000000000000000
0.662862254999999956 1.150342809999999938 0.049452105000000003 1.000000000000000000
0.623912485000040040 1.175058781666640018 0.049060228333330000 1.000000000000000000
0.542845452222279978 1.218573456666639965 0.048413219444439999 1.000000000000000000
0.458610926666690011 1.256170863333329946 0.047902954999999997 1.000000000000000000
0.371208908333379994 1.287851001666650008 0.047529435000000002 1.000000000000000000
0.280741096111179977 1.313431411666649895 0.046955063333330001 1.000000000000000000
0.187207490000019988 1.332912093333330050 0.046179840000000000 1.000000000000000000
0.090608090000050004 1.346293046666660054 0.045203765000000000 1.000000000000000000
-0.006184039999930000 1.352590429444439968 0.044045427777779998 1.000000000000000000
-0.103168899999979996 1.351804241666670015 0.042704828333330003 1.000000000000000000
-0.200346489999950000 1.343934483333339980 0.041181966666669997 1.000000000000000000
-0.294800216666600001 1.329801277777789892 0.039532323888889997 1.000000000000000000
-0.386530079999980014 1.309404625000009981 0.037755900000000002 1.000000000000000000
-0.475536079999960004 1.282744525000010016 0.035852694999999997 1.000000000000000000
-0.562104008888830053 1.250305189444470111 0.033830912777779998 1.000000000000000000
-0.646233866666649948 1.212086618333340082 0.031690553333329999 1.000000000000000000
-0.687079760000000039 1.190087714999999990 0.030561085000000002 1.000000000000000000
0.679510396942849981 1.180853491568369940 0.149504721963969994 1.000000000000000000
0.640261275296620025 1.209930866440890096 0.148073833669469995 1.000000000000000000
0.557583500359310036 1.261679781470659956 0.145461510693009999 1.000000000000000000
0.470726193777119994 1.307022861785140044 0.143098641329099996 1.000000000000000000
0.379689355550200003 1.345960107384259974 0.140985225577750006 1.000000000000000000
0.285021559563960025 1.378508543550390097 0.138501567602289988 1.000000000000000000
0.186722805818309995 1.404668170283549955 0.135647667402719996 1.000000000000000000
0.084793094313400000 1.424438987583680039 0.132423524979040003 1.000000000000000000
-0.017753851899769999 1.436549240461840071 0.129108847816700012 1.000000000000000000
-0.120918032821279997 1.440998928918010069 0.125703635915699996 1.000000000000000000
-0.224699448450979999 1.437788052952190032 0.122207889276030005 1.000000000000000000
-0.325905744076780024 1.427687998397120017 0.118544622908980005 1.000000000000000000
-0.424536919698740023 1.410698765252800024 0.114713836814549996 1.000000000000000000
-0.520592975316719997 1.386820353519240046 0.110715530992730002 1.000000000000000000
-0.614191487329669994 1.356587125139470107 0.106599708774839999 1.000000000000000000
-0.705332455737650021 1.319999080113440026 0.102366370160889994 1.000000000000000000
-0.749674168139120023 1.298527649277309903 0.100190942655870002 1.000000000000000000
0.698082150828539971 1.211907854705110088 0.250705745891910026 1.000000000000000000
0.658153065889779954 1.245233499322730086 0.247980587675060010 1.000000000000000000
0.573386567744459952 1.305249051078720024 0.242731654301249988 1.000000000000000000
0.483711741331320000 1.358628865355449911 0.237684103987309991 1.000000000000000000
0.389128586650520025 1.405372942152820048 0.232837936733260004 1.000000000000000000
0.290299512025059991 1.445346577317879966 0.227684449473539996 1.000000000000000000
0.187224517454870010 1.478549770850650091 0.222223642208159988 1.000000000000000000
0.079903602940109994 1.504982522751070029 0.216455514937120008 1.000000000000000000
-0.028499784588339998 1.523006208052199995 0.211144832338990007 1.000000000000000000
-0.137985645130550005 1.532620826754029997 0.206291594413750001 1.000000000000000000
-0.248553978686369997 1.533826378856550043 0.201895801161420002 1.000000000000000000
-0.356677407786030021 1.527413912969119991 0.197504573171390002 1.000000000000000000
-0.462355932429599992 1.513383429091720078 0.193117910443629998 1.000000000000000000
-0.565589552616920010 1.491734927224370066 0.188735812978180012 1.000000000000000000
-0.666163137544700024 1.463050210973900089 0.184475475213410012 1.000000000000000000
-0.764076687213000039 1.427329280340289941 0.180336897149319997 1.000000000000000000
-0.811703444417359976 1.405950707831919999 0.178328487967619992 1.000000000000000000
0.715595924506330028 1.241540074153699935 0.352712594415619973 1.000000000000000000
0.675588309490680050 1.279478018171039899 0.348137260321140007 1.000000000000000000
0.589673409774730040 1.348427289549670061 0.339352163787550010 1.000000000000000000
0.497858840374099998 1.410449944272230027 0.330932638909320009 1.000000000000000000
0.400144601288929980 1.465545982338640085 0.322878685686469991 1.000000000000000000
0.297493578060110009 1.513343075147540073 0.314791545782399984 1.000000000000000000
0.189905770687539999 1.553841222698949975 0.306671219197090006 1.000000000000000000
0.077381179171380002 1.587040424992820054 0.298517705930569976 1.000000000000000000
-0.036762871493170000 1.610916699263509999 0.291545162359290011 1.000000000000000000
-0.152526381306220010 1.625470045511040018 0.285753588483249998 1.000000000000000000
-0.269909350267589998 1.630700463735369921 0.281142984302480026 1.000000000000000000
-0.385011820056330001 1.627425965602169899 0.276899501494000000 1.000000000000000000
-0.497833790672540022 1.615646551111419971 0.273023140057809977 1.000000000000000000
-0.608375262116029991 1.595362220263139896 0.269513899993929995 1.000000000000000000
-0.715930858573009976 1.567189004167810040 0.266533346579469976 1.000000000000000000
-0.820500580043529992 1.531126902825389990 0.264081479814440023 1.000000000000000000
-0.871292503285539977 1.509151409530649968 0.263119889756640024 1.000000000000000000
0.732051713518980018 1.269750142461089970 0.455525243246860001 1.000000000000000000
0.692567001805289961 1.312664414513180056 0.448543827630079994 1.000000000000000000
0.606444022657379955 1.391214486426870067 0.435323015807079994 1.000000000000000000
0.513167487788909971 1.462486086150059927 0.422844223394630014 1.000000000000000000
0.412737397200029998 1.526479213682639946 0.411107450392749985 1.000000000000000000
0.306603756402390015 1.582498020998239996 0.399822835124970022 1.000000000000000000
0.194766565395889990 1.630542508096870069 0.388990377591280023 1.000000000000000000
0.077225824180710001 1.670612674978479983 0.378610077791689981 1.000000000000000000
-0.042543110035240000 1.700280693346110095 0.370309818188960027 1.000000000000000000
-0.164540237252059990 1.719546563199779943 0.364089598783089996 1.000000000000000000
-0.288765557469550016 1.728410284539440012 0.359949419574089990 1.000000000000000000
-0.410908973502499997 1.727724132362060017 0.356729388926419977 1.000000000000000000
-0.530970485350999999 1.717488106667599990 0.354429506840090003 1.000000000000000000
-0.648950093014870055 1.697702207456079915 0.353049773315110005 1.000000000000000000
-0.763494637941400045 1.669003479170060089 0.352773304182850023 1.000000000000000000
-0.874604120130650031 1.631391921809490109 0.353600099443319993 1.000000000000000000
-0.928441329856609987 1.608129728591950025 0.354565129269930002 1.000000000000000000
0.747203638338230003 1.295641312171329940 0.556151113187310031 1.000000000000000000
0.708552633200929982 1.343570915731429949 0.547080705899949948 1.000000000000000000
0.622805708641290034 1.431786670119300053 0.530059801557460020 1.000000000000000000
0.528613869796599967 1.512358971774830030 0.514158807447229971 1.000000000000000000
0.425977116666990008 1.585287820697889982 0.499377723569260024 1.000000000000000000
0.316838816970229975 1.649424540569520037 0.485595963229320027 1.000000000000000000
0.201198970706220004 1.704769131389749948 0.472813526427409980 1.000000000000000000
0.079057577875130000 1.751321593158509993 0.461030413163539987 1.000000000000000000
-0.045913050162530000 1.786369331173500052 0.452028412061520002 1.000000000000000000
-0.173712913406849995 1.809912345434719905 0.445807523121350024 1.000000000000000000
-0.304342011857660022 1.821950635942150010 0.442367746343039991 1.000000000000000000
-0.433135925550869993 1.823264940772659992 0.440429333380490007 1.000000000000000000
-0.560094654486570032 1.813855259926210106 0.439992284233700015 1.000000000000000000
-0.685218198664570011 1.793721593402819892 0.441056598902670016 1.000000000000000000
-0.806428463458999989 1.763534691474720084 0.443770298509509997 1.000000000000000000
-0.923725448869940013 1.723294554141850066 0.448133383054239998 1.000000000000000000
-0.980417301883629966 1.698147867773039943 0.451139617795550008 1.000000000000000000
0.761051698338230054 1.319213582171330001 0.654590203187309982 1.000000000000000000
0.723545203200929965 1.372197520731420095 0.643747894233280049 1.000000000000000000
0.638758467530179952 1.470143839563740062 0.623562520446349966 1.000000000000000000
0.544197986463270000 1.560068600108160064 0.604876390780559992 1.000000000000000000
0.439863760000320014 1.641971802364549982 0.587689505235929999 1.000000000000000000
0.328198760303559989 1.714122632791740042 0.572110930451550037 1.000000000000000000
0.209202987372880012 1.776521091389750007 0.558140666427410004 1.000000000000000000
0.082876441208470000 1.829167178158499940 0.545778713163539986 1.000000000000000000
-0.046872690718080000 1.869182611173489938 0.536700945394860018 1.000000000000000000
-0.180044408406849987 1.896567390434720002 0.530907363121350007 1.000000000000000000
-0.316638711857660016 1.911321515942149940 0.528397966343040038 1.000000000000000000
-0.451692674439760022 1.914048388550430024 0.527999336713820044 1.000000000000000000
-0.585206296153240046 1.904748008259540049 0.529711474233700019 1.000000000000000000
-0.717179576997900026 1.883420375069490005 0.533534378902659978 1.000000000000000000
-0.844732332903439964 1.850782637585830059 0.539524331842839988 1.000000000000000000
-0.967864563869940020 1.806834795808520022 0.547681333054240049 1.000000000000000000
-1.027220416883630083 1.779205822773040069 0.552843357795550050 1.000000000000000000
0.772954996006219974 1.339484267454640110 0.749078643919329989 1.000000000000000000
0.736586093336650038 1.397132536813429970 0.737517895535759971 1.000000000000000000
0.652882235655850018 1.504014243925710037 0.716124239868019985 1.000000000000000000
0.558212325633340001 1.602481119432670020 0.696458425299700035 1.000000000000000000
0.452576363269269977 1.692533163334140056 0.678520451830819993 1.000000000000000000
0.338856222395729989 1.771848824331250016 0.662597798608969946 1.000000000000000000
0.217051903012629999 1.840428102424009893 0.648690465634130020 1.000000000000000000
0.087163405120139995 1.898270997612329980 0.636798452906329970 1.000000000000000000
-0.046648782155459999 1.942473449879160041 0.628327432712940004 1.000000000000000000
-0.184384658814280011 1.973035459224500077 0.623277405053960010 1.000000000000000000
-0.326044224856110010 1.989957025648299904 0.621648369929409972 1.000000000000000000
-0.466455686410060022 1.993572652538019963 0.622499838118680038 1.000000000000000000
-0.605619043476219976 1.983882339893620061 0.625831809621779978 1.000000000000000000
-0.743534296054390031 1.960886087715119963 0.631644284438690029 1.000000000000000000
-0.876577973136239974 1.925371345432840053 0.639894673140879999 1.000000000000000000
-1.004750074721850073 1.877338113046719936 0.650582975728359991 1.000000000000000000
-1.066400337766489903 1.847062251801770083 0.657146083964739947 1.000000000000000000
0.782913530408710034 1.356453366436489949 0.839616433487060054 1.000000000000000000
0.747675302671300002 1.418375962205489893 0.828390708416720023 1.000000000000000000
0.665177012140390045 1.533397881051580036 0.807744959370769955 1.000000000000000000
0.570656886553340015 1.639596527205740006 0.788904911419569976 1.000000000000000000
0.464114925910290022 1.736971900667819924 0.771870564563149952 1.000000000000000000
0.348811202909539986 1.822603111841540002 0.757056569608109964 1.000000000000000000
0.224745717551000007 1.896490160726949981 0.744462926554450011 1.000000000000000000
0.091918469834840005 1.958633047323939946 0.734089635402189966 1.000000000000000000
-0.045241323906570000 2.006241842719719948 0.726907877353670018 1.000000000000000000
-0.186733663673339989 2.039316546914299977 0.722917652408879952 1.000000000000000000
-0.332558549465249986 2.057857159907630074 0.722118960567839974 1.000000000000000000
-0.477424959640790014 2.061837727331000014 0.723930840921710006 1.000000000000000000
-0.621332894200059993 2.051258249184400029 0.728353293470490049 1.000000000000000000
-0.764282353142839987 2.026118725467819903 0.735386318214169998 1.000000000000000000
-0.901965381057429960 1.987300808939290064 0.744881324619459995 1.000000000000000000
-1.034381977943930053 1.934804499598739902 0.756838312686370029 1.000000000000000000
-1.097957060873089974 1.901717148522469980 0.764047797550640007 1.000000000000000000
0.790474526725480020 1.369340343679269933 0.923203278504620028 1.000000000000000000
0.756093620804589972 1.434598342486399947 0.913918242139340031 1.000000000000000000
0.674525478206409956 1.555935131535169935 0.896918608102139969 1.000000000000000000
0.580151004851810037 1.668092712018429902 0.881489412758299951 1.000000000000000000
0.472970200740919999 1.771071083936009982 0.867630656107829967 1.000000000000000000
0.356520988069290001 1.861476607895480084 0.855753655393030055 1.000000000000000000
0.230803366836809992 1.939309283896889946 0.845858410613889999 1.000000000000000000
0.095817337043670001 2.004569111940119885 0.837944921770430007 1.000000000000000000
-0.043792543278959997 2.054607060888999914 0.832597996413369956 1.000000000000000000
-0.188026274131199989 2.089423130743520041 0.829817634542709959 1.000000000000000000
-0.336883855512820019 2.109017321503630082 0.829603836158460006 1.000000000000000000
-0.485004936315729995 2.113046662377089824 0.831658849007359979 1.000000000000000000
-0.632389516540060037 2.101511153363860185 0.835982673089409989 1.000000000000000000
-0.779037596185560011 2.074410794463959817 0.842575308404610035 1.000000000000000000
-0.920125105860089998 2.032718397608630045 0.851253207725319982 1.000000000000000000
-1.055652045563729935 1.976433962797810029 0.862016371051550045 1.000000000000000000
-1.120635230430059970 1.940995726414660005 0.868440584717420028 1.000000000000000000
0.795637981415669993 1.378145193150980052 0.999839153906470046 1.000000000000000000
0.761841043793070050 1.445799670147650096 0.994100472328400042 1.000000000000000000
0.680927629488950026 1.571625985038159978 0.983645162898539982 1.000000000000000000
0.586694676125860015 1.687969660825809903 0.974211907194939997 1.000000000000000000
0.479142183703940017 1.794830697510430007 0.965800705217629951 1.000000000000000000
0.361985574408089983 1.888469294609250060 0.958689035328019967 1.000000000000000000
0.235224848238190010 1.968885452122320023 0.952876897526120037 1.000000000000000000
0.098860005194440007 2.036079170049520215 0.948364291811930049 1.000000000000000000
-0.042302440590589997 2.087569081689060191 0.945397769645380026 1.000000000000000000
-0.188262489117020010 2.123355187040929959 0.943977331026459976 1.000000000000000000
-0.339020140384640012 2.143437486105089995 0.944102975955180002 1.000000000000000000
-0.489195612175399974 2.147199433105699828 0.945683841054750007 1.000000000000000000
-0.638788904489420051 2.134641028042730149 0.948719926325169993 1.000000000000000000
-0.787800017326479973 2.105762270916200052 0.953211231766449951 1.000000000000000000
-0.931057137981950000 2.061624088652069808 0.959010297926560007 1.000000000000000000
-1.068560266455909957 2.002226481250259926 0.966117124805510041 1.000000000000000000
-1.134434834602080056 1.964897964980530043 0.970324418604390004 1.000000000000000000
0.798191520013529998 1.382501590022090054 1.079659187578990043 1.000000000000000000
0.764636173371090022 1.451252120904410026 1.077523407534060063 1.000000000000000000
0.683979783682659992 1.579125688221409973 1.073656454831179996 1.000000000000000000
0.589777697590660011 1.697371761090769926 1.070194109515270053 1.000000000000000000
0.482029915095219974 1.805990339512290044 1.067136371586359989 1.000000000000000000
0.364529652590440012 1.901086147088759892 1.064595877758099940 1.000000000000000000
0.237276910076199998 1.982659183820209892 1.062572628030479915 1.000000000000000000
0.100271687552699995 2.050709449706519916 1.061066622403529891 1.000000000000000000
-0.041606951087209999 2.102830459752059955 1.060116839506789921 1.000000000000000000
-0.188359005843659999 2.139022213956850216 1.059723279340269997 1.000000000000000000
-0.339984476716420014 2.159284712320829858 1.059885941903969897 1.000000000000000000
-0.491093940650009997 2.162881028169509889 1.060613925255109891 1.000000000000000000
-0.641687397644539970 2.149811161502849899 1.061907229393699970 1.000000000000000000
-0.791764847699790053 2.120075112320880084 1.063765854319729920 1.000000000000000000
-0.936000647750700021 2.074775725069069932 1.066119509727049941 1.000000000000000000
-1.074394797797370016 2.013912999747359933 1.068968195615670025 1.000000000000000000
-1.140671047818520023 1.975699968051580102 1.070640053800610003 1.000000000000000000
0.798135140013530031 1.382409530022089994 1.162663382578990046 1.000000000000000000
0.764479006704420039 1.450955689237739987 1.164187050867389939 1.000000000000000000
0.683681937571550047 1.578434233221410077 1.166952487053390053 1.000000000000000000
0.589400065923989969 1.696299002757430063 1.169436022848610035 1.000000000000000000
0.481633391761890017 1.804549997845630083 1.171637658253019909 1.000000000000000000
0.364153219812660023 1.899327151533209967 1.173474185535869907 1.000000000000000000
0.236959550076200010 1.980630463820209908 1.174945604697150037 1.000000000000000000
0.100052382552700006 2.048459934706519991 1.176051915736860076 1.000000000000000000
-0.041706075531660003 2.100391178085399879 1.176755207840119999 1.000000000000000000
-0.188315824176989999 2.136424193956850015 1.177055481006940019 1.000000000000000000
-0.339776863383079997 2.156558982320829987 1.176952735237299930 1.000000000000000000
-0.490699919538900020 2.160091429836179966 1.176449102477330033 1.000000000000000000
-0.641084992644539997 2.147021536502850214 1.175544582727030107 1.000000000000000000
-0.790932082699789984 2.117349302320879811 1.174239175986399930 1.000000000000000000
-0.934955629417369982 2.072173291735739831 1.172580842504840071 1.000000000000000000
-1.073155632797369918 2.011493504747360106 1.170569582282330101 1.000000000000000000
-1.139343862818519959 1.973401723051579904 1.169387488800609942 1.000000000000000000
0.798938207051119953 1.383802601722879944 1.250874499777129945 1.000000000000000000
0.764597475726960019 1.451014132388340094 1.255325240017890032 1.000000000000000000
0.682810926501109972 1.575904790623559926 1.263375895899059964 1.000000000000000000
0.587919290697690000 1.691263045763079953 1.270575727179870107 1.000000000000000000
0.479922568316839993 1.797088897806720098 1.276924733860320016 1.000000000000000000
0.362462861089029975 1.889713804716220080 1.282197127353420063 1.000000000000000000
0.235540169014150008 1.969137766491620090 1.286392907659160034 1.000000000000000000
0.099154492092380003 2.035360783132809992 1.289512074777539929 1.000000000000000000
-0.041914038803240003 2.085878956622409852 1.291434876509780061 1.000000000000000000
-0.187665423672849996 2.120692286960430106 1.292161312855879984 1.000000000000000000
-0.338099662516219979 2.139800774146809914 1.291691383815829930 1.000000000000000000
-0.487843948102390013 2.142686100034589813 1.290050920486069952 1.000000000000000000
-0.636898280431470010 2.129348264623709852 1.287239922866600050 1.000000000000000000
-0.785262659503240035 2.099787267914220212 1.283258390957420003 1.000000000000000000
-0.927877607428760021 2.055082932137290097 1.278247895017690094 1.000000000000000000
-1.064743124208149982 1.995235257292879982 1.272208435047389896 1.000000000000000000
-1.130301167024720055 1.957739750336940032 1.268674223046970084 1.000000000000000000
0.800600721951369998 1.386680806550190104 1.344292544172039916 1.000000000000000000
0.764991580703309970 1.451427450696870070 1.350937979281120027 1.000000000000000000
0.681366749921090031 1.571537358663390060 1.362926684370449948 1.000000000000000000
0.585335370852720027 1.682263886303029921 1.373613224330960003 1.000000000000000000
0.476897443498350004 1.783607033615630000 1.382997599162610003 1.000000000000000000
0.359458575158169980 1.872246099097619965 1.390764703061579954 1.000000000000000000
0.233018765832099989 1.948181082749020021 1.396914536027860088 1.000000000000000000
0.097578015520300002 2.011411984569739797 1.401447098061439966 1.000000000000000000
-0.042230841006459997 2.059293783773080033 1.404155843635410017 1.000000000000000000
-0.186407803748310008 2.091826480359050056 1.405040772749780009 1.000000000000000000
-0.334952872705029991 2.109010074327589912 1.404101885404529959 1.000000000000000000
-0.482526023977029983 2.110665024733629824 1.401419377137300026 1.000000000000000000
-0.629127257564400022 2.096791331577129824 1.396993247948070005 1.000000000000000000
-0.774756573466940046 2.067388994858109896 1.390823497836850109 1.000000000000000000
-0.914766575993199993 2.023504632365320077 1.383120666503099949 1.000000000000000000
-1.049157265143300100 1.965138244098699971 1.373884753946819970 1.000000000000000000
-1.113542953030209892 1.928714037078490096 1.368500257057410074 1.000000000000000000
0.802808096756900014 1.390503541212839922 1.440306345875419947 1.000000000000000000
0.765564046463980019 1.451887906529560013 1.448620018900470097 1.000000000000000000
0.679598801398169972 1.565476490704690082 1.463557595315789994 1.000000000000000000
0.582156411852340017 1.669884928421510040 1.476805402096349917 1.000000000000000000
0.473236877826639979 1.765113219679840029 1.488363439242119890 1.000000000000000000
0.355922936098179987 1.848266989065719956 1.497870391476169960 1.000000000000000000
0.230214586666839999 1.919346236579170029 1.505326258798509897 1.000000000000000000
0.096111829532829998 1.978350962220079889 1.510731041209129932 1.000000000000000000
-0.041916977754920003 2.022521224345830149 1.513785967901069895 1.000000000000000000
-0.183871835196499994 2.051857022956399934 1.514491038874320017 1.000000000000000000
-0.329752742791700026 2.066358358051770150 1.512846254128880075 1.000000000000000000
-0.474304309392669987 2.066231132570839790 1.509019475854330050 1.000000000000000000
-0.617526534999510046 2.051475346513599973 1.503010704050649959 1.000000000000000000
-0.759419419612019975 2.022090999880069795 1.494819938717850016 1.000000000000000000
-0.895867135832290051 1.979083875183329955 1.484708507624900031 1.000000000000000000
-1.026869683660410093 1.922453972423330049 1.472676410771790012 1.000000000000000000
-1.089648373378359958 1.887327632011720047 1.465700029465160092 1.000000000000000000
0.805560331591759993 1.395270805926799973 1.538915884958850011 1.000000000000000000
0.766314873085599979 1.452395499832439985 1.548371337915390056 1.000000000000000000
0.677507080968119957 1.557722186169959944 1.565268605879799990 1.000000000000000000
0.578382413745449964 1.654126171033700077 1.580152235895539992 1.000000000000000000
0.468940871417739991 1.741607454423530044 1.593022227962590076 1.000000000000000000
0.351855944119980002 1.817776472561819956 1.603514165137549963 1.000000000000000000
0.227127631852060002 1.882633225448610004 1.611628047420410104 1.000000000000000000
0.094755934614179999 1.936177713083810037 1.617363874811160063 1.000000000000000000
-0.040972448367149999 1.975561274941209922 1.620325219286490093 1.000000000000000000
-0.180057517092020003 2.000783911020790118 1.620512080846389980 1.000000000000000000
-0.322499271560239997 2.011845621322529976 1.617924459490859945 1.000000000000000000
-0.463178802837980019 2.009384419314979908 1.612851186291089922 1.000000000000000000
-0.602096110925339989 1.993400304998109940 1.605292261247089902 1.000000000000000000
-0.739251195822109963 1.963893278371930062 1.595247684358849893 1.000000000000000000
-0.871179284535779974 1.921820655841349978 1.583011390060059975 1.000000000000000000
-0.997880377066439950 1.867182437406289974 1.568583378350699942 1.000000000000000000
-1.058617425240210075 1.833580530236539996 1.560273513790749966 1.000000000000000000
0.808725183712109996 1.400752627769300096 1.642393073495850064 1.000000000000000000
0.767411059481080016 1.453146240475480022 1.652170853674810092 1.000000000000000000
0.675725519974220035 1.549303223825589937 1.669535397377190034 1.000000000000000000
0.574982689422519955 1.636829965113429930 1.684708924424040077 1.000000000000000000
0.465182567826139981 1.715726464338870105 1.697691434815330025 1.000000000000000000
0.348527230654870013 1.784087886890260100 1.708148351584029889 1.000000000000000000
0.225016677908620011 1.841914232767650095 1.716079674730139892 1.000000000000000000
0.094650909587560006 1.889205501970939949 1.721485404253650042 1.000000000000000000
-0.038442654259099998 1.923127788902069923 1.723909339884670100 1.000000000000000000
-0.174264013631470011 1.943681093561040019 1.723351481623210057 1.000000000000000000
-0.312813168529339991 1.950865415947830028 1.719811829469249931 1.000000000000000000
-0.449174173022500012 1.945682453733950101 1.713683596446750057 1.000000000000000000
-0.583347027111020044 1.928132206919360048 1.704966782555709992 1.000000000000000000
-0.715331730794720011 1.898214675504100057 1.693661387796129958 1.000000000000000000
-0.842354811032570039 1.856832669232189925 1.680065183565869980 1.000000000000000000
-0.964416267824649953 1.803986188103569921 1.664178169864930057 1.000000000000000000
-1.022966184497750008 1.771830710110920082 1.655089258279119901 1.000000000000000000
0.812302653712109968 1.406949007769300097 1.750737918495850032 1.000000000000000000
0.768852606147749973 1.454140128808820043 1.760018572008140048 1.000000000000000000
0.674254118863110041 1.540219602714490099 1.776357973488299935 1.000000000000000000
0.571957239422519970 1.617996308446769893 1.790475469424039900 1.000000000000000000
0.461961967826140019 1.687470246005539964 1.802371059815329968 1.000000000000000000
0.345936796765979993 1.747201227445819960 1.811772949361800000 1.000000000000000000
0.223881726241949991 1.797189252767650069 1.818681138063469982 1.000000000000000000
0.095796756254229995 1.837434321970939921 1.823095625920319929 1.000000000000000000
-0.034327593147989999 1.865220758346519903 1.824538325440230091 1.000000000000000000
-0.166491321964799988 1.880548561894380022 1.823009236623210017 1.000000000000000000
-0.300694430196009999 1.883417732614500073 1.818508359469249935 1.000000000000000000
-0.432290415800279992 1.875125225956169928 1.811516702002309964 1.000000000000000000
-0.561279278777690016 1.855671041919360054 1.802034264222379889 1.000000000000000000
-0.687661019128059992 1.825055180504099983 1.790061046129459932 1.000000000000000000
-0.809393709365910041 1.784119904232190024 1.775869886343649950 1.000000000000000000
-0.926477349491319990 1.732865213103570001 1.759460784864929961 1.000000000000000000
-0.982694644497750014 1.702078160110920058 1.750147263279119958 1.000000000000000000
0.815919358574179965 1.413213425030340087 1.863397451880050015 1.000000000000000000
0.770607649193310040 1.455321519466090008 1.871559802558439900 1.000000000000000000
0.673569883571039973 1.531564382652849998 1.885799867407230046 1.000000000000000000
0.570117771088220038 1.599833920154849931 1.897955295748019910 1.000000000000000000
0.460251311745000002 1.660130131972000100 1.908026087580789953 1.000000000000000000
0.345106262970970024 1.711375525224879901 1.915799673161630023 1.000000000000000000
0.224682624766029987 1.753570099913519975 1.921276052490539898 1.000000000000000000
0.098980397130370004 1.786713856037849935 1.924455225567500039 1.000000000000000000
-0.028128315730470001 1.808335559008930060 1.924902832072100001 1.000000000000000000
-0.156643513816580010 1.818435208826729932 1.922618872004340007 1.000000000000000000
-0.286565197127760019 1.817012805491249994 1.917603345364230050 1.000000000000000000
-0.413535461377440017 1.805518921775610020 1.910349800509540064 1.000000000000000000
-0.537554306565690032 1.783953557679790025 1.900858237440290033 1.000000000000000000
-0.658621732692340034 1.752316713203819987 1.889128656156469965 1.000000000000000000
-0.775378570621339969 1.711387019484819971 1.875391913903329932 1.000000000000000000
-0.887824820352769994 1.661164476522740019 1.859648010680849950 1.000000000000000000
-0.941892651119660029 1.631406780420179947 1.850772478584949976 1.000000000000000000
0.819575298354830006 1.419545879650399911 1.980371679861600009 1.000000000000000000
0.772676189069199992 1.456690412717289940 1.986794550644360058 1.000000000000000000
0.673672815231539990 1.523337564257579935 1.997861082905779906 1.000000000000000000
0.569464286127430053 1.582342801204319915 2.007148405863099949 1.000000000000000000
0.460050601757039990 1.633706123557449930 2.014656519516300204 1.000000000000000000
0.346035631804090027 1.676610781755220048 2.020228523562570100 1.000000000000000000
0.227419376268489987 1.711056775797660023 2.023864418001899868 1.000000000000000000
0.104201835150409997 1.737044105684709905 2.025564202834289951 1.000000000000000000
-0.019844819005260000 1.752472192360730041 2.025002859399430033 1.000000000000000000
-0.144720586198619994 1.757341035825709996 2.022180387697320114 1.000000000000000000
-0.270425466429480010 1.751650636079649992 2.017096787727949980 1.000000000000000000
-0.392909307059459978 1.736863542561599916 2.010182893408449800 1.000000000000000000
-0.512172108088630007 1.712979755271549998 2.001438704738789820 1.000000000000000000
-0.628213869516810020 1.679999274209529991 1.990864221719000016 1.000000000000000000
-0.740309393281050054 1.638634014961110053 1.978631271597850017 1.000000000000000000
-0.848458679381399961 1.588883977526239999 1.964739854375340045 1.000000000000000000
-0.900560203599599984 1.559816569715599899 1.956964912213400076 1.000000000000000000
0.822656379022570050 1.424882583307029993 2.099241215401720151 1.000000000000000000
0.774597073475160047 1.457974784532030110 2.103800859509969978 1.000000000000000000
0.674231997104060010 1.516801453556329893 2.111564798903870166 1.000000000000000000
0.569620455456690045 1.568270389154929889 2.117973389475169999 1.000000000000000000
0.460762448533199975 1.612381591327739949 2.123026631223849936 1.000000000000000000
0.347823138134950027 1.648477671163320002 2.126616033578330178 1.000000000000000000
0.230802524261840003 1.676558628661680039 2.128741596538600067 1.000000000000000000
0.109700606914049995 1.696624463822760109 2.129403320104660047 1.000000000000000000
-0.011804571096290000 1.706956031215880021 2.128389040620020101 1.000000000000000000
-0.133713009769270003 1.707553330841010020 2.125698758084670015 1.000000000000000000
-0.256024709104699988 1.698416362698150106 2.121332472498620003 1.000000000000000000
-0.374932737366319990 1.680929704908360023 2.115616570029979826 1.000000000000000000
-0.490437094554220021 1.655093357471600024 2.108551050678760141 1.000000000000000000
-0.602537780668219947 1.620907320387930062 2.100135914444960061 1.000000000000000000
-0.711016921671060009 1.579025099510189989 2.090486996349230076 1.000000000000000000
-0.815874517562820034 1.529446694838350052 2.079604296391559970 1.000000000000000000
-0.866492542953109957 1.500809400605400024 2.073546055481759964 1.000000000000000000
0.825162598872200004 1.429223533046569905 2.220006033155829783 1.000000000000000000
0.776370301702099974 1.459174634460040032 2.222578704049969822 1.000000000000000000
0.675247429820910017 1.511956054958170093 2.226910990871989959 1.000000000000000000
0.570586280398740042 1.557616693127489960 2.230430222727759926 1.000000000000000000
0.462386853435739986 1.596156548967919919 2.233136399617269952 1.000000000000000000
0.350468782976209980 1.626976211342300083 2.234962180966450163 1.000000000000000000
0.234832069020070006 1.650075680250659982 2.235907566775309885 1.000000000000000000
0.115476711567480003 1.665454955692940109 2.235972557043839792 1.000000000000000000
-0.004007574341890000 1.671787103881569925 2.235061356441899960 1.000000000000000000
-0.123620788708140000 1.669072124816550096 2.233173964969489944 1.000000000000000000
-0.243362931531069998 1.657310018497859971 2.230310382626610188 1.000000000000000000
-0.359605761063719997 1.637717443612199952 2.226650814479040008 1.000000000000000000
-0.472349277306159998 1.610294400159540062 2.222195260526770078 1.000000000000000000
-0.581593480258210005 1.575040888139910056 2.216943720769819937 1.000000000000000000
-0.687501172526450044 1.532560309520299979 2.210959075787569894 1.000000000000000000
-0.790072354110950004 1.482852664300660095 2.204241325579999966 1.000000000000000000
-0.839689689561279984 1.454385308390840015 2.200515897863569936 1.000000000000000000
0.826421429994509960 1.431415689979190109 2.340194192586479982 1.000000000000000000
0.776757045479929964 1.460089766364039976 2.340983785011149898 1.000000000000000000
0.674186716505770001 1.510229113776480059 2.342292015711500142 1.000000000000000000
0.568374827586619946 1.553159655831630070 2.343329292262839925 1.000000000000000000
0.459321378722630014 1.588881392529440051 2.344095614665170135 1.000000000000000000
0.347669262846430016 1.616914034894519903 2.344567600118280026 1.000000000000000000
0.233418479957929997 1.637257582926880062 2.344745248622150058 1.000000000000000000
0.116569030057300002 1.649912036626479894 2.344628560176800214 1.000000000000000000
-0.000272835953810000 1.654113888418520029 2.344198729208609944 1.000000000000000000
-0.117107118075489999 1.649863138302970045 2.343455755717580136 1.000000000000000000
-0.233933816307569986 1.637159786279829943 2.342399639703709902 1.000000000000000000
-0.348151185861580004 1.616771443810719910 2.341083938440629897 1.000000000000000000
-0.459759226737600002 1.588698110895589988 2.339508651928360106 1.000000000000000000
-0.568757938935460006 1.552939787534499905 2.337673780166880100 1.000000000000000000
-0.674506808964720039 1.509982342149539969 2.335597524840350214 1.000000000000000000
-0.777005836825449991 1.459825774740669990 2.333279885948750021 1.000000000000000000
-0.826630429671510014 1.431147930024299963 2.332000374720419877 1.000000000000000000
0.826427149999999999 1.431437370000000042 2.399999999999999911 1.000000000000000000
0.776257173333379957 1.460404973333299994 2.399999999999999911 1.000000000000000000
0.672618283333410005 1.510924875555520019 2.399999999999999911 1.000000000000000000
0.565680456666689979 1.554029473333319977 2.399999999999999911 1.000000000000000000
0.455443693333390021 1.589718766666649907 2.399999999999999911 1.000000000000000000
0.343546911111200004 1.617602599999979907 2.399999999999999911 1.000000000000000000
0.229990110000030001 1.637680973333329959 2.399999999999999911 1.000000000000000000
0.114773290000059994 1.649953886666660097 2.399999999999999911 1.000000000000000000
-0.000436599999910000 1.654025153333329889 2.399999999999999911 1.000000000000000000
-0.115639559999969999 1.649894773333340003 2.399999999999999911 1.000000000000000000
-0.230835589999940000 1.637562746666670010 2.399999999999999911 1.000000000000000000
-0.344360098888799981 1.617431596666689897 2.399999999999999911 1.000000000000000000
-0.456213086666640011 1.589501323333339933 2.399999999999999911 1.000000000000000000
-0.566394553333280037 1.553771926666680070 2.399999999999999911 1.000000000000000000
-0.673270328888809999 1.510636793333369976 2.399999999999999911 1.000000000000000000
-0.776840413333309998 1.460095923333349921 2.399999999999999911 1.000000000000000000
-0.826972609999999997 1.431122620000000012 2.399999999999999911 1.000000000000000000
1
