3
2 2
17 26
0.000000000000000000 0.000000000000000000 0.000000000000000000 0.067000000000000004 0.133000000000000007 0.200000000000000011 0.267000000000000015 0.333000000000000018 0.400000000000000022 0.467000000000000026 0.533000000000000029 0.599999999999999978 0.667000000000000037 0.732999999999999985 0.800000000000000044 0.866999999999999993 0.933000000000000052 1.000000000000000000 1.000000000000000000 1.000000000000000000
0.000000000000000000 0.000000000000000000 0.000000000000000000 0.042000000000000003 0.083000000000000004 0.125000000000000000 0.167000000000000010 0.207999999999999990 0.250000000000000000 0.291999999999999982 0.333000000000000018 0.375000000000000000 0.416999999999999982 0.458000000000000018 0.500000000000000000 0.542000000000000037 0.582999999999999963 0.625000000000000000 0.667000000000000037 0.707999999999999963 0.750000000000000000 0.792000000000000037 0.832999999999999963 0.875000000000000000 0.917000000000000037 0.957999999999999963 1.000000000000000000 1.000000000000000000 1.000000000000000000
-0.655499990000000032 -1.135359309999999899 0.000000000000000000 1.000000000000000000
-0.616507393333370013 -1.157839256666640004 0.000000000000000000 1.000000000000000000
-0.536002356666730018 -1.197254796666640031 0.000000000000000000 1.000000000000000000
-0.452977476666690027 -1.231125983333329899 0.000000000000000000 1.000000000000000000
-0.367432753333379991 -1.259452816666650099 0.000000000000000000 1.000000000000000000
-0.279080528888960011 -1.281777514444430111 0.000000000000000000 1.000000000000000000
-0.187920803333360004 -1.298100076666659941 0.000000000000000000 1.000000000000000000
-0.093953576666710004 -1.308420503333330043 0.000000000000000000 1.000000000000000000
0.000012804444370000 -1.311860102222220048 0.000000000000000000 1.000000000000000000
0.093978339999979996 -1.308418873333339949 0.000000000000000000 1.000000000000000000
0.187943029999949995 -1.298096816666669984 0.000000000000000000 1.000000000000000000
0.279099608888820017 -1.281773296666679940 0.000000000000000000 1.000000000000000000
0.367448076666650025 -1.259448313333340064 0.000000000000000000 1.000000000000000000
0.452988433333289975 -1.231121866666680109 0.000000000000000000 1.000000000000000000
0.536008937777719963 -1.197251766666689976 0.000000000000000000 1.000000000000000000
0.616509589999979957 -1.157838013333339910 0.000000000000000000 1.000000000000000000
0.655499990000000032 -1.135359309999999899 0.000000000000000000 1.000000000000000000
-0.689114804999999997 -1.190947030000000018 0.029090029999999999 1.000000000000000000
-0.647590563333369951 -1.212566721666640035 0.030709850000000000 1.000000000000000000
-0.562556241666730017 -1.250279677222200014 0.033504011666659998 1.000000000000000000
-0.475536081666689980 -1.282466204999989978 0.035852694999999997 1.000000000000000000
-0.386530083333380015 -1.309126304999989943 0.037755900000000002 1.000000000000000000
-0.294800220555629988 -1.329522957777770076 0.039532323888889997 1.000000000000000000
-0.200346493333359993 -1.343656163333329934 0.041181966666669997 1.000000000000000000
-0.103168901666720006 -1.351525921666659968 0.042704828333330003 1.000000000000000000
-0.006184040555630000 -1.352312109444449906 0.044045427777779998 1.000000000000000000
0.090608089999980004 -1.346014726666669992 0.045203765000000000 1.000000000000000000
0.187207489999949989 -1.332633773333339988 0.046179840000000000 1.000000000000000000
0.280741096111039978 -1.313153091666680039 0.046955063333330001 1.000000000000000000
0.371208908333309995 -1.287572681666669938 0.047529435000000002 1.000000000000000000
0.458610926666620011 -1.255892543333350098 0.047902954999999997 1.000000000000000000
0.543259566666600024 -1.218571511111139927 0.048094613888889998 1.000000000000000000
0.625154828333310042 -1.175609585000009893 0.048104411666669997 1.000000000000000000
0.664725769999999994 -1.151308175000000045 0.048018379999999999 1.000000000000000000
-0.753452360656640008 -1.300010139291480016 0.097613045134019999 1.000000000000000000
-0.707851250749390037 -1.320819523455130096 0.100647770979649998 1.000000000000000000
-0.615031085667040012 -1.356524839584539954 0.106026840992200000 1.000000000000000000
-0.520592975316790052 -1.386316703516039972 0.110715529326060005 1.000000000000000000
-0.424536919698810022 -1.410195115249599951 0.114713835981210002 1.000000000000000000
-0.325905744076930015 -1.427184348393919944 0.118544622631199997 1.000000000000000000
-0.224699448451059991 -1.437284402948999951 0.122207889276030005 1.000000000000000000
-0.120918032821360003 -1.440495278914829980 0.125703635915690004 1.000000000000000000
-0.017753851899920001 -1.436045590458669974 0.129108848094470013 1.000000000000000000
0.084793094313330000 -1.423935337580519933 0.132423525812369991 1.000000000000000000
0.186722805818230003 -1.404164520280380080 0.135647669069389992 1.000000000000000000
0.285021559563809979 -1.378004893547259968 0.138501569824510007 1.000000000000000000
0.379689355550130003 -1.345456457381110082 0.140985228077749991 1.000000000000000000
0.470726193777049995 -1.306519211781989931 0.143098643829100008 1.000000000000000000
0.558330918697359957 -1.261702432024699894 0.144902153743890011 1.000000000000000000
0.642503530311109960 -1.211006118109180019 0.146395757822119998 1.000000000000000000
0.682873779464669983 -1.182718194072329920 0.146987606942949989 1.000000000000000000
-0.814897841969909997 -1.406960917874430006 0.176479015402060013 1.000000000000000000
-0.766206285581430002 -1.427870197032079957 0.179103912938940013 1.000000000000000000
-0.666873003667640019 -1.462965403198100089 0.184064476309939995 1.000000000000000000
-0.565589552616999947 -1.491337257214810030 0.188735807978169995 1.000000000000000000
-0.462355932429669991 -1.512985759082160042 0.193117907943630013 1.000000000000000000
-0.356677407786190004 -1.527016242959569947 0.197504572338049994 1.000000000000000000
-0.248553978686449989 -1.533428708847009991 0.201895801161420002 1.000000000000000000
-0.137985645130639989 -1.532223156744489945 0.206291594413750001 1.000000000000000000
-0.028499784588499999 -1.522608538042679927 0.211144833172310004 1.000000000000000000
0.079903602940030002 -1.504584852741549961 0.216455517437119993 1.000000000000000000
0.187224517454789990 -1.478152100841130023 0.222223647208160013 1.000000000000000000
0.290299512024910000 -1.444948907308400088 0.227684456140199998 1.000000000000000000
0.389128586650450026 -1.404975272143319964 0.232837944233249994 1.000000000000000000
0.483711741331250000 -1.358231195345940057 0.237684111487310001 1.000000000000000000
0.573972364981090055 -1.305324784962919926 0.242328005676109987 1.000000000000000000
0.659910457600019984 -1.246256040994190073 0.246769626799680009 1.000000000000000000
0.700718238394000048 -1.213640502216990047 0.248889300828849996 1.000000000000000000
-0.874094908291540018 -1.509864702034299899 0.261752389749579983 1.000000000000000000
-0.822368849214279996 -1.531493697827420064 0.263169810643059998 1.000000000000000000
-0.716553613296719960 -1.567093802501049904 0.266229452411230028 1.000000000000000000
-0.608375259616120045 -1.595036020262019960 0.269513894160590017 1.000000000000000000
-0.497833788172619973 -1.615320351110300034 0.273023135891140023 1.000000000000000000
-0.385011817834280012 -1.627099765601049963 0.276899498716210002 1.000000000000000000
-0.269909348601010013 -1.630374263734259976 0.281142982635810001 1.000000000000000000
-0.152526380472980005 -1.625143845509930074 0.285753587649919982 1.000000000000000000
-0.036762871215570002 -1.610590499262430031 0.291545162914830014 1.000000000000000000
0.077381179171299996 -1.586714224991730093 0.298517708430560025 1.000000000000000000
0.189905770687449987 -1.553515022697870007 0.306671224197089975 1.000000000000000000
0.297493578059950026 -1.513016875424280094 0.314791552726830015 1.000000000000000000
0.400144601288859980 -1.465219783170909951 0.322878694019800017 1.000000000000000000
0.497858840374020006 -1.410123745937829964 0.330932648075979996 1.000000000000000000
0.590155040887110016 -1.348536658993789938 0.339051507952690012 1.000000000000000000
0.677033202828160041 -1.280458522338699945 0.347235273649940002 1.000000000000000000
0.717763264512629950 -1.243173929155660051 0.351359609408829987 1.000000000000000000
-0.931043544874620044 -1.608721466102889908 0.353433149248729983 1.000000000000000000
-0.876338927642750010 -1.631690000148980024 0.352845445262529978 1.000000000000000000
-0.764072902112239993 -1.668910011947629890 0.352521750567030001 1.000000000000000000
-0.648950085514960029 -1.697412967452740062 0.353049769148439996 1.000000000000000000
-0.530970477851089973 -1.717198866664259915 0.354429501006760017 1.000000000000000000
-0.410908966836010026 -1.727434892358719942 0.356729382815310025 1.000000000000000000
-0.288765552469639974 -1.728121044536119921 0.359949414574090021 1.000000000000000000
-0.164540234752149989 -1.719257323196460074 0.364089596283090011 1.000000000000000000
-0.042543109202090000 -1.699991453342819980 0.370309817633399985 1.000000000000000000
0.077225824180620004 -1.670323434975180099 0.378610078625019997 1.000000000000000000
0.194766565395800006 -1.630253268093579955 0.388990379257940000 1.000000000000000000
0.306603756402229977 -1.582208781828319921 0.399822838180510010 1.000000000000000000
0.412737397199959999 -1.526189976179360031 0.411107455392740018 1.000000000000000000
0.513167487788840027 -1.462196851146789989 0.422844230894619977 1.000000000000000000
0.606878942661450038 -1.391338043647929901 0.435072637191419975 1.000000000000000000
0.693871761817840049 -1.313613553682730029 0.447792674283159997 1.000000000000000000
0.734008853537900019 -1.271318467466989954 0.454398508226500020 1.000000000000000000
-0.982651661947889998 -1.698604670290839946 0.450280912758230012 1.000000000000000000
-0.925215019746200018 -1.723519592484429985 0.447560912196030003 1.000000000000000000
-0.806924982084569975 -1.763450710917040087 0.443579472667889996 1.000000000000000000
-0.685218191164669976 -1.793483103395060008 0.441056594736000007 1.000000000000000000
-0.560094646986660005 -1.813616769918450000 0.439992278400359982 1.000000000000000000
-0.433135918606619985 -1.823026450764910100 0.440429327269380000 1.000000000000000000
-0.304342006024430012 -1.821712145934420102 0.442367741343040022 1.000000000000000000
-0.173712909240290009 -1.809673855426989997 0.445807520621349984 1.000000000000000000
-0.045913047384940002 -1.786130841165799898 0.452028411228179994 1.000000000000000000
0.079057579541709999 -1.751083103150800069 0.461030413163529995 1.000000000000000000
0.201198971539460009 -1.704530641382040024 0.472813526427399988 1.000000000000000000
0.316838817247829974 -1.649186051395199915 0.485595964062639995 1.000000000000000000
0.425977116666910016 -1.585049333190200027 0.499377726069250016 1.000000000000000000
0.528613869796520031 -1.512120486767140060 0.514158812447219948 1.000000000000000000
0.623170729207879970 -1.431908545121530096 0.529868675438139980 1.000000000000000000
0.709647694901049952 -1.344413508253309963 0.546507315042039976 1.000000000000000000
0.748846230888499997 -1.297024442207910022 0.555291023150459973 1.000000000000000000
-1.028919256947889993 -1.779514310290839951 0.552295682758230044 1.000000000000000000
-0.968997123079540001 -1.806982470817759978 0.547316213862700018 1.000000000000000000
-0.845109850973470023 -1.850715895917039999 0.539402621001230043 1.000000000000000000
-0.717179574497999961 -1.883246425061730012 0.533534373069330048 1.000000000000000000
-0.585206293653329990 -1.904574058251780055 0.529711470067030010 1.000000000000000000
-0.451692671384400002 -1.913874438542680023 0.527999333936040038 1.000000000000000000
-0.316638707691099974 -1.911147565934419923 0.528397964676370013 1.000000000000000000
-0.180044402573620005 -1.896393440426989985 0.530907362288020046 1.000000000000000000
-0.046872684607160001 -1.869008661165799889 0.536700945117070005 1.000000000000000000
0.082876446208369994 -1.828993228150799899 0.545778713163529994 1.000000000000000000
0.209202989872790013 -1.776347141382049966 0.558140666427400012 1.000000000000000000
0.328198761136719974 -1.713948683061869982 0.572110930729299971 1.000000000000000000
0.439863760000240023 -1.641797853190199996 0.587689506069249967 1.000000000000000000
0.544197986463189953 -1.559894651767139928 0.604876392447210032 1.000000000000000000
0.639030400319000047 -1.470248162343759990 0.623439622104799973 1.000000000000000000
0.724361001567719986 -1.372858384919970032 0.643379195042039997 1.000000000000000000
0.762275395888500018 -1.320291852207909900 0.654037153150459960 1.000000000000000000
-1.067592820338070014 -1.847254116814500025 0.656833601440840020 1.000000000000000000
-1.005545063103000070 -1.877426893052740020 0.650374651545770011 1.000000000000000000
-0.876842969263449956 -1.925322678763270012 0.639825227302249999 1.000000000000000000
-0.743534296054489952 -1.960768697707810038 0.631644278605359988 1.000000000000000000
-0.605619043476320007 -1.983764949886309914 0.625831805455109969 1.000000000000000000
-0.466455685576940005 -1.993455262530730021 0.622499835340910024 1.000000000000000000
-0.326044222356219993 -1.989839635641029947 0.621648368262739948 1.000000000000000000
-0.184384653814390009 -1.972918069217219905 0.623277404220630049 1.000000000000000000
-0.046648776322329999 -1.942356059871930052 0.628327432712930012 1.000000000000000000
0.087163410120040002 -1.898153607605089999 0.636798453739650050 1.000000000000000000
0.217051905512530008 -1.840310712416769912 0.648690467300790052 1.000000000000000000
0.338856223228889974 -1.771731434324069987 0.662597800553390015 1.000000000000000000
0.452576363269189985 -1.692415773326920059 0.678520453497480025 1.000000000000000000
0.558212325633259954 -1.602363729425450023 0.696458426133020003 1.000000000000000000
0.653069929000359983 -1.504094786152589958 0.716053575695880018 1.000000000000000000
0.737149173370529986 -1.397608943508259927 0.737305902186100037 1.000000000000000000
0.773799616057110007 -1.340257572500400007 0.748760653894870010 1.000000000000000000
-1.098672348473300087 -1.901824083540309962 0.763894670017170041 1.000000000000000000
-1.034858836344169974 -1.934852852940520007 0.756736226830740044 1.000000000000000000
-0.902124333857679983 -1.987271053379700003 0.744847293778709951 1.000000000000000000
-0.764282353142940019 -2.026049915457599937 0.735386314047509981 1.000000000000000000
-0.621332894200160024 -2.051189439174180063 0.728353287637160007 1.000000000000000000
-0.477424959363229984 -2.061768917320800032 0.723930834810600055 1.000000000000000000
-0.332558548632029993 -2.057788349897439861 0.722118955567840004 1.000000000000000000
-0.186733662006779988 -2.039247736904110209 0.722917649908879967 1.000000000000000000
-0.045241321962340000 -2.006173032709579918 0.726907877353660026 1.000000000000000000
0.091918471501400006 -1.958564237313779932 0.734089637902179959 1.000000000000000000
0.224745718384229992 -1.896421350716799958 0.744462931554439988 1.000000000000000000
0.348811203187139984 -1.822534301831459924 0.757056575441420021 1.000000000000000000
0.464114925910209974 -1.736903090657690107 0.771870569563140041 1.000000000000000000
0.570656886553259968 -1.639527717195609968 0.788904913919559969 1.000000000000000000
0.665289314378309959 -1.533448414391380021 0.807710535752020009 1.000000000000000000
0.748012209385410021 -1.418665182244889911 0.828287435060540034 1.000000000000000000
0.783418890479949948 -1.356921601500550079 0.839461523452819991 1.000000000000000000
-1.120988070467209941 -1.941042968919830081 0.868382487212819965 1.000000000000000000
-1.055887272255269904 -1.976454491133369906 0.861977638548489966 1.000000000000000000
-0.920203514757449992 -2.032703307051439978 0.851240294390980035 1.000000000000000000
-0.779037596185670034 -2.074377894460449845 0.842575303404609954 1.000000000000000000
-0.632389516540169949 -2.101478253360350212 0.835982665589410034 1.000000000000000000
-0.485004936315949986 -2.113013762373599835 0.831658840951809974 1.000000000000000000
-0.336883855512929986 -2.108984421500160078 0.829603829491790012 1.000000000000000000
-0.188026274131310012 -2.089390230740050036 0.829817631209380013 1.000000000000000000
-0.043792543279180002 -2.054574160885580092 0.832597996413359964 1.000000000000000000
0.095817337043569997 -2.004536211936689849 0.837944925103759952 1.000000000000000000
0.230803366836709989 -1.939276383893449918 0.845858417280559993 1.000000000000000000
0.356520988069109979 -1.861443707892119992 0.855753663448569957 1.000000000000000000
0.472970200740840008 -1.771038183932599930 0.867630663607820041 1.000000000000000000
0.580151004851729990 -1.668059812015020071 0.881489417758280047 1.000000000000000000
0.674580733212090000 -1.555961500426989996 0.896906104767639989 1.000000000000000000
0.756259385821949959 -1.434743249168380030 0.913880724635909969 1.000000000000000000
0.790723174251609984 -1.369574153703839947 0.923147000999489986 1.000000000000000000
-1.134539974654100059 -1.964910752487770029 0.970297026097949988 1.000000000000000000
-1.068630359824020104 -2.002231786253399815 0.966098860634549972 1.000000000000000000
-0.931080502438159985 -2.061619416983139885 0.959004204591800025 1.000000000000000000
-0.787800017326599988 -2.105752610911300060 0.953211223433120036 1.000000000000000000
-0.638788904489539955 -2.134631368037830157 0.948719917158510007 1.000000000000000000
-0.489195612175630012 -2.147189773100810051 0.945683832443639960 1.000000000000000000
-0.339020140384749979 -2.143427826100220202 0.944102969288510008 1.000000000000000000
-0.188262489117139997 -2.123345527036060165 0.943977327693130031 1.000000000000000000
-0.042302440590810002 -2.087559421684240135 0.945397769645380026 1.000000000000000000
0.098860005194340003 -2.036069510044689945 0.948364295145259995 1.000000000000000000
0.235224848238090006 -1.968875792117489976 0.952876904192780039 1.000000000000000000
0.361985574407900024 -1.888459634604499948 0.958689043939120022 1.000000000000000000
0.479142183703860025 -1.794821037505629935 0.965800714384290049 1.000000000000000000
0.586694676125779968 -1.687960000821010054 0.974211915528270023 1.000000000000000000
0.680944181163609996 -1.571634033931079921 0.983640259563600017 1.000000000000000000
0.761890698817410006 -1.445843136835720077 0.994085746490280031 1.000000000000000000
0.795712463952250038 -1.378215223185379923 0.999817061399290052 1.000000000000000000
-1.140658317815649969 -1.975697390550680055 1.070626018801569934 1.000000000000000000
-1.074386311128890048 -2.013911724746809906 1.068958837282969920 1.000000000000000000
-0.935997818861380004 -2.074776186735689976 1.066116386671710048 1.000000000000000000
-0.791764847699899965 -2.120076442321160215 1.063765848486400101 1.000000000000000000
-0.641687397644649993 -2.149812491503130030 1.061907222727030087 1.000000000000000000
-0.491093940650229988 -2.162882358169799790 1.060613918866220029 1.000000000000000000
-0.339984476716529982 -2.159286042321149957 1.059885936903969927 1.000000000000000000
-0.188359005843769994 -2.139023543957169871 1.059723276840270012 1.000000000000000000
-0.041606951087429997 -2.102831789752429792 1.060116839506789921 1.000000000000000000
0.100271687552600006 -2.050710779706870213 1.061066624903530098 1.000000000000000000
0.237276910076099995 -1.982660513820559967 1.062572633030480107 1.000000000000000000
0.364529652590249997 -1.901087477089199895 1.064595884424760053 1.000000000000000000
0.482029915095139982 -1.805991669512680087 1.067136379086359943 1.000000000000000000
0.589777697590579963 -1.697373091091149977 1.070194117015270008 1.000000000000000000
0.683977822015459980 -1.579124861554799919 1.073654674553720101 1.000000000000000000
0.764630288369830047 -1.451246980903500017 1.077518051701700008 1.000000000000000000
0.798182692511720027 -1.382493215020420108 1.079651150080449984 1.000000000000000000
-1.139343092815650049 -1.973402870550680088 1.169369463801569919 1.000000000000000000
-1.073155119462219975 -2.011494293080149820 1.170557567282970002 1.000000000000000000
-0.934955458305830045 -2.072173601180140157 1.172576840005040033 1.000000000000000000
-0.790932082699900008 -2.117349372321160050 1.174239178486399915 1.000000000000000000
-0.641084992644650020 -2.147021606503130009 1.175544582727030107 1.000000000000000000
-0.490699919539120011 -2.160091499836469975 1.176449101088439919 1.000000000000000000
-0.339776863383200012 -2.156559052321150194 1.176952733570630016 1.000000000000000000
-0.188315824177110014 -2.136424263957170222 1.177055480173599955 1.000000000000000000
-0.041706075531870002 -2.100391248085760054 1.176755207840119999 1.000000000000000000
0.100052382552600003 -2.048460004706869952 1.176051916570199918 1.000000000000000000
0.236959550076100006 -1.980630533820560091 1.174945606363819950 1.000000000000000000
0.364153219812480000 -1.899327221533640087 1.173474187758100085 1.000000000000000000
0.481633391761810026 -1.804550067846010020 1.171637660753030108 1.000000000000000000
0.589400065923910033 -1.696299072757819992 1.169436025348610020 1.000000000000000000
0.683681652571019982 -1.578433975443680026 1.166949352887060032 1.000000000000000000
0.764478151703160025 -1.450954775903499971 1.164177643368359938 1.000000000000000000
0.798133857511719946 -1.382408125020420098 1.162649270080450048 1.000000000000000000
-1.130305737025059987 -1.957743262836669995 1.268655680546169950 1.000000000000000000
-1.064746170875140008 -1.995237413125980019 1.272196075880190014 1.000000000000000000
-0.927878622984609991 -2.055083278803819802 1.278243779461949892 1.000000000000000000
-0.785262659503349947 -2.099786709580859778 1.283258395957419973 1.000000000000000000
-0.636898280431580033 -2.129347705457020012 1.287239925366600035 1.000000000000000000
-0.487843947824839974 -2.142685540312359915 1.290050921319400024 1.000000000000000000
-0.338099661682999986 -2.139800214146830193 1.291691383815829930 1.000000000000000000
-0.187665422006299987 -2.120691726960440171 1.292161312855879984 1.000000000000000000
-0.041914036859020003 -2.085878396622479869 1.291434876509780061 1.000000000000000000
0.099154493758949996 -2.035360223132860025 1.289512074777539929 1.000000000000000000
0.235540169847379993 -1.969137206491669900 1.286392907659160034 1.000000000000000000
0.362462861366619982 -1.889713244716350049 1.282197127353420063 1.000000000000000000
0.479922568316760001 -1.797088337806800107 1.276924733860330008 1.000000000000000000
0.587919290697599961 -1.691262485763159962 1.270575727179880099 1.000000000000000000
0.682811299834400032 -1.575904616179409912 1.263372347010039976 1.000000000000000000
0.764598595727200014 -1.451014729055430053 1.255314593350800090 1.000000000000000000
0.798939887051560049 -1.383803776723369960 1.250858529776490036 1.000000000000000000
-1.113546243030629990 -1.928718554578150002 1.368484669556429889 1.000000000000000000
-1.049159458477010087 -1.965141071598420108 1.373874363112820074 1.000000000000000000
-0.914767307104619953 -2.023505205698509890 1.383117204280650103 1.000000000000000000
-0.774756573467039966 -2.067388439858090177 1.390823499503510030 1.000000000000000000
-0.629127257564510045 -2.096790774077109898 1.396993248781400077 1.000000000000000000
-0.482526023143910021 -2.110664465566950199 1.401419377415070056 1.000000000000000000
-0.334952870205139974 -2.109009514327599977 1.404101885404529959 1.000000000000000000
-0.186407798748420006 -2.091825920359060120 1.405040772749780009 1.000000000000000000
-0.042230835173340003 -2.059293223773139836 1.404155843635410017 1.000000000000000000
0.097578020520199996 -2.011411424569789830 1.401447098061439966 1.000000000000000000
0.233018768331990006 -1.948180522749070054 1.396914536027860088 1.000000000000000000
0.359458575991319973 -1.872245539097739941 1.390764703061589946 1.000000000000000000
0.476897443498260021 -1.783606473615710009 1.382997599162619995 1.000000000000000000
0.585335370852639980 -1.682263326303109929 1.373613224330960003 1.000000000000000000
0.681366763254410035 -1.571536781997030063 1.362923659925850073 1.000000000000000000
0.764991620703620034 -1.451426840697370046 1.350928905947279990 1.000000000000000000
0.800600781951899987 -1.386680171550789931 1.344278934171269979 1.000000000000000000
-1.089651340878180052 -1.887332842011619993 1.465686699464739950 1.000000000000000000
-1.026871661993729923 -1.922457238256559897 1.472667524104829928 1.000000000000000000
-0.895867795276889978 -1.979084547961039942 1.484705545402559945 1.000000000000000000
-0.759419419612120006 -2.022090374880079811 1.494819938717840024 1.000000000000000000
-0.617526534999619958 -2.051474719013619996 1.503010704050639967 1.000000000000000000
-0.474304308559550025 -2.066230503404200114 1.509019475854320058 1.000000000000000000
-0.329752740291810009 -2.066357728051809950 1.512846254128880075 1.000000000000000000
-0.183871830196600000 -2.051856392956449948 1.514491038874320017 1.000000000000000000
-0.041916971921790003 -2.022520594345920131 1.513785967901069895 1.000000000000000000
0.096111834532730006 -1.978350332220160102 1.510731041209139924 1.000000000000000000
0.230214589166740008 -1.919345606579250019 1.505326258798519889 1.000000000000000000
0.355922936931329981 -1.848266359065869890 1.497870391476189944 1.000000000000000000
0.473236877826559987 -1.765112589679949995 1.488363439242130104 1.000000000000000000
0.582156411852259970 -1.669884298421620006 1.476805402096359909 1.000000000000000000
0.679598664175789957 -1.565475672927099993 1.463554918649099923 1.000000000000000000
0.765563634797210013 -1.451886713196300027 1.448611988900339931 1.000000000000000000
0.802807479256830048 -1.390502066212800036 1.440294300875220035 1.000000000000000000
-1.058621027740000109 -1.833586120236420092 1.560261743790229971 1.000000000000000000
-0.997882778733059972 -1.867185908239509917 1.568575531683680024 1.000000000000000000
-0.871180085091490031 -1.921821300841279889 1.583008774504369942 1.000000000000000000
-0.739251195822209994 -1.963892510038619976 1.595247684358839901 1.000000000000000000
-0.602096110925440020 -1.993399535831460012 1.605292261247079910 1.000000000000000000
-0.463178802560409997 -2.009383649592789922 1.612851186291089922 1.000000000000000000
-0.322499270727010012 -2.011844851322590166 1.617924459490859945 1.000000000000000000
-0.180057515425460002 -2.000783141020849865 1.620512080846389980 1.000000000000000000
-0.040972446422910001 -1.975560504941300088 1.620325219286490093 1.000000000000000000
0.094755936280750006 -1.936176943083899982 1.617363874811170055 1.000000000000000000
0.227127632685300007 -1.882632455448699949 1.611628047420410104 1.000000000000000000
0.351855944397570009 -1.817775702561970075 1.603514165137559955 1.000000000000000000
0.468940871417650007 -1.741606684423639972 1.593022227962600068 1.000000000000000000
0.578382413745360036 -1.654125401033810006 1.580152235895549984 1.000000000000000000
0.677507002634620048 -1.557721288392359904 1.565266100324210097 1.000000000000000000
0.766314638085479949 -1.452394346499179978 1.548363821248569971 1.000000000000000000
0.805559979091679979 -1.395269460926759963 1.538904609958599901 1.000000000000000000
-1.022969896997899975 -1.771836252611090012 1.655078933278639974 1.000000000000000000
-0.964418742824839970 -1.803989626436949933 1.664171286531259897 1.000000000000000000
-0.842355636032789956 -1.856833302009889941 1.680062889121300085 1.000000000000000000
-0.715331730794820042 -1.898213905504029908 1.693661387796119966 1.000000000000000000
-0.583347027111119965 -1.928131436919289898 1.704966782555700000 1.000000000000000000
-0.449174173022700018 -1.945681683733879952 1.713683596446740065 1.000000000000000000
-0.312813168529450014 -1.950864645947780085 1.719811829469249931 1.000000000000000000
-0.174264013631569986 -1.943680323561000067 1.723351481623200065 1.000000000000000000
-0.038442654537079998 -1.923127018902059948 1.723909339884680092 1.000000000000000000
0.094650908754130000 -1.889204731970919982 1.721485404253650042 1.000000000000000000
0.225016676241850011 -1.841913462767629905 1.716079674730139892 1.000000000000000000
0.348527228710249992 -1.784087116890310076 1.708148351584040103 1.000000000000000000
0.465182566159390021 -1.715725694338879892 1.697691434815340017 1.000000000000000000
0.574982688589109947 -1.636829195113439939 1.684708924424050069 1.000000000000000000
0.675725468029639953 -1.549302355492349959 1.669533113488230081 1.000000000000000000
0.767410904481029998 -1.453145175475510031 1.652164002007860066 1.000000000000000000
0.808724951212119958 -1.400751415269249955 1.642382795995410039 1.000000000000000000
-0.982697941997899949 -1.702083227611089988 1.750138268278639941 1.000000000000000000
-0.926479547824829996 -1.732868381436950100 1.759454788197930108 1.000000000000000000
-0.809394442143899995 -1.784120540343230088 1.775867887454630090 1.000000000000000000
-0.687661019128150031 -1.825054550504030093 1.790061046129449940 1.000000000000000000
-0.561279278777790047 -1.855670411919289942 1.802034264222369897 1.000000000000000000
-0.432290415800470007 -1.875124595956100038 1.811516702002299972 1.000000000000000000
-0.300694430196109974 -1.883417102614449945 1.818508359469249935 1.000000000000000000
-0.166491321964899991 -1.880547931894329894 1.823009236623200024 1.000000000000000000
-0.034327593981520001 -1.865220128346499973 1.824538325440230091 1.000000000000000000
0.095796753754130007 -1.837433691970919991 1.823095625920319929 1.000000000000000000
0.223881721241849990 -1.797188622767629917 1.818681138063469982 1.000000000000000000
0.345936790932469984 -1.747200597445859982 1.811772949361819984 1.000000000000000000
0.461961962826060002 -1.687469616005540018 1.802371059815339960 1.000000000000000000
0.571957236922440049 -1.617995678446769947 1.790475469424049892 1.000000000000000000
0.674254060807410016 -1.540218873270120081 1.776355961821560081 1.000000000000000000
0.768852434481030023 -1.454139200475510041 1.760012537007860089 1.000000000000000000
0.812302396212119970 -1.406947930269250024 1.750728865995410111 1.000000000000000000
-0.941895348619960049 -1.631410992920669933 1.850764741084490073 1.000000000000000000
-0.887826618686390012 -1.661167121522999945 1.859642852347199948 1.000000000000000000
-0.775379170066019974 -1.711387574484819929 1.875390194458760096 1.000000000000000000
-0.658621732692429962 -1.752316223203739920 1.889128656156459973 1.000000000000000000
-0.537554306565789952 -1.783953067679709958 1.900858237440280041 1.000000000000000000
-0.413535461377629976 -1.805518431775529953 1.910349800509530072 1.000000000000000000
-0.286565197127859994 -1.817012315491189911 1.917603345364220058 1.000000000000000000
-0.156643513816669994 -1.818434718826670071 1.922618872004340007 1.000000000000000000
-0.028128316563990001 -1.808335069008889961 1.924902832072100001 1.000000000000000000
0.098980394630270002 -1.786713366037820050 1.924455225567500039 1.000000000000000000
0.224682619765940006 -1.753569609913490090 1.921276052490539898 1.000000000000000000
0.345106257137460015 -1.711375035224899976 1.915799673161640015 1.000000000000000000
0.460251306744909994 -1.660129641971989978 1.908026087580799945 1.000000000000000000
0.570117768588140006 -1.599833430154850022 1.897955295748019910 1.000000000000000000
0.673569831070889968 -1.531563805986229987 1.885798160184890104 1.000000000000000000
0.770607494193230047 -1.455320769466069919 1.871554680891390099 1.000000000000000000
0.815919126074149959 -1.413212545030239964 1.863389769379460104 1.000000000000000000
-0.900562116099959953 -1.559819547216150015 1.956958359712869910 1.000000000000000000
-0.848459954381719950 -1.588885845859880019 1.964735486041639945 1.000000000000000000
-0.740309818281290055 -1.638634404405560074 1.978629815486599997 1.000000000000000000
-0.628213869516899948 -1.679998924209439970 1.990864221718990024 1.000000000000000000
-0.512172108088710054 -1.712979405271469968 2.001438704738780050 1.000000000000000000
-0.392909307059640001 -1.736863192561509894 2.010182893408429816 1.000000000000000000
-0.270425466429579986 -1.751650286079579955 2.017096787727949980 1.000000000000000000
-0.144720586198710005 -1.757340685825649951 2.022180387697309900 1.000000000000000000
-0.019844819283219999 -1.752471842360679988 2.025002859399430033 1.000000000000000000
0.104201834316989997 -1.737043755684670066 2.025564202834289951 1.000000000000000000
0.227419374601730007 -1.711056425797609970 2.023864418001899868 1.000000000000000000
0.346035629859470006 -1.676610431755209962 2.020228523562570100 1.000000000000000000
0.460050600090289974 -1.633705773557420082 2.014656519516309974 1.000000000000000000
0.569464285294010053 -1.582342451204300060 2.007148405863099949 1.000000000000000000
0.673672779953599976 -1.523337154257599968 1.997859712350090078 1.000000000000000000
0.772676084069110036 -1.456689882717250084 1.986790438977239948 1.000000000000000000
0.819575140854789996 -1.419545259650280000 1.980365512360910074 1.000000000000000000
-0.866493682953410005 -1.500811173105859986 2.073541007981050122 1.000000000000000000
-0.815875277563089973 -1.529447806505259910 2.079600931391079932 1.000000000000000000
-0.711017175004620028 -1.579025330065739974 2.090485874682390222 1.000000000000000000
-0.602537780668309986 -1.620907110387850070 2.100135914444949847 1.000000000000000000
-0.490437094554310005 -1.655093147471520032 2.108551050678749927 1.000000000000000000
-0.374932737366500013 -1.680929494908270039 2.115616570029970056 1.000000000000000000
-0.256024709104790027 -1.698416152698080106 2.121332472498609789 1.000000000000000000
-0.133713009769359986 -1.707553120840950012 2.125698758084670015 1.000000000000000000
-0.011804571096479999 -1.706955821215830005 2.128389040620020101 1.000000000000000000
0.109700606913959997 -1.696624253822730077 2.129403320104660047 1.000000000000000000
0.230802524261749992 -1.676558418661640015 2.128741596538600067 1.000000000000000000
0.347823138134779997 -1.648477461163319946 2.126616033578339948 1.000000000000000000
0.460762448533119984 -1.612381381327719909 2.123026631223860150 1.000000000000000000
0.569620455456609998 -1.568270179154910071 2.117973389475169999 1.000000000000000000
0.674231977103900038 -1.516801208556350034 2.111563796125949910 1.000000000000000000
0.774597013475070040 -1.457974469531990058 2.103797851176170131 1.000000000000000000
0.822656289022549947 -1.424882215806930086 2.099236702901019935 1.000000000000000000
-0.839690069561629948 -1.454385905891369957 2.200512675362749970 1.000000000000000000
-0.790072607444579966 -1.482853039300950027 2.204239177246119841 1.000000000000000000
-0.687501256971129959 -1.532560387853640016 2.210958359676260088 1.000000000000000000
-0.581593480258300044 -1.575040818139820109 2.216943720769819937 1.000000000000000000
-0.472349277306239990 -1.610294330159449894 2.222195260526770078 1.000000000000000000
-0.359605761063889973 -1.637717373612110006 2.226650814479029794 1.000000000000000000
-0.243362931531160009 -1.657309948497790009 2.230310382626599974 1.000000000000000000
-0.123620788708229998 -1.669072054816469919 2.233173964969489944 1.000000000000000000
-0.004007574342070000 -1.671787033881509954 2.235061356441899960 1.000000000000000000
0.115476711567390006 -1.665454885692889908 2.235972557043839792 1.000000000000000000
0.234832069019979994 -1.650075610250610003 2.235907566775309885 1.000000000000000000
0.350468782976040005 -1.626976141342280080 2.234962180966459933 1.000000000000000000
0.462386853435659995 -1.596156478967879933 2.233136399617269952 1.000000000000000000
0.570586280398659995 -1.557616623127449973 2.230430222727759926 1.000000000000000000
0.675247423154080040 -1.511955973291499999 2.226910386982920098 1.000000000000000000
0.776370281701999954 -1.459174529459990044 2.222576892382759794 1.000000000000000000
0.825162568872169988 -1.429223410546460071 2.220003315655020071 1.000000000000000000
-0.826359454931639981 -1.431304289874200109 2.331999219719310013 1.000000000000000000
-0.776714290438739963 -1.459980362925560105 2.333279115948009963 1.000000000000000000
-0.674176979837070034 -1.510128158120600084 2.335597268173430052 1.000000000000000000
-0.568392687619519998 -1.553071602407930074 2.337673780166880100 1.000000000000000000
-0.459361413786250006 -1.588810695787479910 2.339508651928360106 1.000000000000000000
-0.347726328491829995 -1.616860929280329984 2.341083938440629897 1.000000000000000000
-0.233487431736189993 -1.637222302886470082 2.342399639703700132 1.000000000000000000
-0.116644723519480006 -1.649894816605879999 2.343455755717569922 1.000000000000000000
0.000198360815890000 -1.654113972307329927 2.344198729208609944 1.000000000000000000
0.117041821269999999 -1.649879769990800105 2.344628560176800214 1.000000000000000000
0.233885657842680006 -1.637192209656310071 2.344745248622150058 1.000000000000000000
0.348124274631670005 -1.616818271653150063 2.344567600118280026 1.000000000000000000
0.459757671637040011 -1.588757955981300096 2.344095614665170135 1.000000000000000000
0.568785848858630039 -1.553011262640779933 2.343329292262839925 1.000000000000000000
0.674567923361879984 -1.510060611716089962 2.342291813489079999 1.000000000000000000
0.777103895146880053 -1.459906003207160019 2.340983178343900128 1.000000000000000000
0.826748829680200026 -1.431226720160599930 2.340193282585599999 1.000000000000000000
-0.826430659999999984 -1.431435330000000006 2.399999999999999911 1.000000000000000000
-0.776257320000049988 -1.460405093333299931 2.399999999999999911 1.000000000000000000
-0.672610670000080013 -1.510928423333300019 2.399999999999999911 1.000000000000000000
-0.565664050000029950 -1.554035556666659934 2.399999999999999911 1.000000000000000000
-0.455417460000060004 -1.589726493333319945 2.399999999999999911 1.000000000000000000
-0.343510383333419989 -1.617610567777759911 2.399999999999999911 1.000000000000000000
-0.229942820000029996 -1.637687780000000037 2.399999999999999911 1.000000000000000000
-0.114714770000060001 -1.649958129999989920 2.399999999999999911 1.000000000000000000
0.000505794444360000 -1.654025321111110003 2.399999999999999911 1.000000000000000000
0.115718873333299999 -1.649889353333340081 2.399999999999999911 1.000000000000000000
0.230924466666610012 -1.637550226666669939 2.399999999999999911 1.000000000000000000
0.344456935555470023 -1.617411073333349991 2.399999999999999911 1.000000000000000000
0.456316279999969987 -1.589471893333340047 2.399999999999999911 1.000000000000000000
0.566502499999939957 -1.553732686666680074 2.399999999999999911 1.000000000000000000
0.673380697777700044 -1.510587871111150005 2.399999999999999911 1.000000000000000000
0.776950873333310033 -1.460037446666679894 2.399999999999999911 1.000000000000000000
0.827081949999999955 -1.431059429999999910 2.399999999999999911 1.000000000000000000
1
