3
2 2
17 26
0.000000000000000000 0.000000000000000000 0.000000000000000000 0.067000000000000004 0.133000000000000007 0.200000000000000011 0.267000000000000015 0.333000000000000018 0.400000000000000022 0.467000000000000026 0.533000000000000029 0.599999999999999978 0.667000000000000037 0.732999999999999985 0.800000000000000044 0.866999999999999993 0.933000000000000052 1.000000000000000000 1.000000000000000000 1.000000000000000000
0.000000000000000000 0.000000000000000000 0.000000000000000000 0.042000000000000003 0.083000000000000004 0.125000000000000000 0.167000000000000010 0.207999999999999990 0.250000000000000000 0.291999999999999982 0.333000000000000018 0.375000000000000000 0.416999999999999982 0.458000000000000018 0.500000000000000000 0.542000000000000037 0.582999999999999963 0.625000000000000000 0.667000000000000037 0.707999999999999963 0.750000000000000000 0.792000000000000037 0.832999999999999963 0.875000000000000000 0.917000000000000037 0.957999999999999963 1.000000000000000000 1.000000000000000000 1.000000000000000000
1.310999999999999943 0.000000000000000000 0.000000000000000000 1.000000000000000000
1.310971909999999907 0.045008469999950000 0.000000000000000000 1.000000000000000000
1.304854273333339920 0.134435499999930014 0.000000000000000000 1.000000000000000000
1.292675180000000035 0.223272619999979993 0.000000000000000000 1.000000000000000000
1.274434630000010005 0.311519829999959974 0.000000000000000000 1.000000000000000000
1.249592334444469932 0.399197366666599995 0.000000000000000000 1.000000000000000000
1.218148293333340071 0.486305229999979993 0.000000000000000000 1.000000000000000000
1.180102506666689921 0.572843419999960024 0.000000000000000000 1.000000000000000000
1.136098145555590078 0.655940503333270031 0.000000000000000000 1.000000000000000000
1.086135210000009899 0.735596479999980013 0.000000000000000000 1.000000000000000000
1.030213700000029986 0.811811349999959964 0.000000000000000000 1.000000000000000000
0.970498802222270029 0.882593596666619962 0.000000000000000000 1.000000000000000000
0.906990516666679958 0.947943219999979991 0.000000000000000000 1.000000000000000000
0.839688843333370016 1.007860219999969997 0.000000000000000000 1.000000000000000000
0.768846132222280043 1.062823128888850110 0.000000000000000000 1.000000000000000000
0.694462383333349975 1.112831946666660077 0.000000000000000000 1.000000000000000000
0.655499990000000032 1.135359309999999899 0.000000000000000000 1.000000000000000000
1.375631279999999901 0.001337960000000000 0.028858749999999999 1.000000000000000000
1.374153091666669990 0.047634513333290003 0.030114028333330000 1.000000000000000000
1.364966516111119965 0.139445569999929991 0.032504042777779997 1.000000000000000000
1.349549741666669966 0.230474576666640008 0.034773514999999998 1.000000000000000000
1.327902768333339978 0.320721533333290010 0.036922444999999998 1.000000000000000000
1.299462555555580101 0.410191506666599981 0.038942675000000003 1.000000000000000000
1.264229103333339932 0.498884496666639976 0.040834204999999998 1.000000000000000000
1.222202411666690081 0.586800503333290036 0.042597034999999998 1.000000000000000000
1.174138145000040101 0.671009102222160037 0.044167462222219997 1.000000000000000000
1.120036303333350025 0.751510293333309987 0.045545486666670000 1.000000000000000000
1.059896886666700011 0.828304076666629974 0.046731108333330003 1.000000000000000000
0.996015856666719990 0.899399270555510055 0.047700555555550000 1.000000000000000000
0.928393213333350009 0.964795874999979985 0.048453828333330000 1.000000000000000000
0.857028956666699981 1.024493889999970042 0.048990926666670001 1.000000000000000000
0.782163353333390043 1.078992767777740003 0.049332121111110003 1.000000000000000000
0.703796403333350029 1.128292508333319955 0.049477411666670003 1.000000000000000000
0.662862254999999956 1.150342809999999938 0.049452105000000003 1.000000000000000000
1.502008711295230059 0.002541120008090000 0.097183757632020001 1.000000000000000000
1.498238568012409955 0.051531407423700000 0.099583290138680003 1.000000000000000000
1.483954921189670095 0.148455327259950004 0.104260966811489997 1.000000000000000000
1.462927914109789951 0.244322592101209990 0.108817255143789995 1.000000000000000000
1.435157546772819925 0.339133201947350027 0.113252155135560001 1.000000000000000000
1.400121387230490067 0.432721855696650004 0.117515090955550003 1.000000000000000000
1.357819435482769954 0.525088553349160048 0.121606062603740003 1.000000000000000000
1.308251691529729976 0.616233294904749984 0.125525070080139994 1.000000000000000000
1.252359760089150065 0.703015953983640030 0.129335103095539999 1.000000000000000000
1.190143641160980037 0.785436530585900017 0.133036161649949997 1.000000000000000000
1.121603334745310043 0.863495024711400050 0.136628245743370014 1.000000000000000000
1.049360056385979956 0.935226725525310054 0.139822542334710004 1.000000000000000000
0.973413806082950028 1.000631633027670109 0.142619051423979987 1.000000000000000000
0.893764583836309967 1.059709747218370079 0.145017773011179990 1.000000000000000000
0.810752887972610026 1.112887518936459985 0.147080971261660004 1.000000000000000000
0.724378718491790030 1.160164948181940048 0.148808646175440012 1.000000000000000000
0.679510396942849981 1.180853491568369940 0.149504721963969994 1.000000000000000000
1.625501013885690016 0.002271520024260000 0.176116272896069986 1.000000000000000000
1.620047157370569924 0.054073108937860000 0.178293757082719995 1.000000000000000000
1.601707245791200052 0.156454701779979999 0.182766729323369986 1.000000000000000000
1.575935135662690056 0.257614709637019990 0.187357705431359989 1.000000000000000000
1.542730826985089898 0.357553132508819982 0.192066685406690002 1.000000000000000000
1.501698608358079889 0.455794273756739976 0.196774572866639991 1.000000000000000000
1.452838479781630054 0.552338133380850027 0.201481367811220002 1.000000000000000000
1.396150441255809893 0.647184711380989985 0.206187070240419990 1.000000000000000000
1.332722991378469946 0.736892459728829996 0.211335460397740010 1.000000000000000000
1.262556130149560030 0.821461378424410027 0.216926538283199993 1.000000000000000000
1.185649857569180066 0.900891467467609952 0.222960303896780010 1.000000000000000000
1.105014346935619951 0.973270287687139968 0.228665404781919990 1.000000000000000000
1.020649598248799972 1.038597839083029939 0.234041840938609996 1.000000000000000000
0.932555611508850024 1.096874121655180057 0.239089612366859994 1.000000000000000000
0.841297515028829990 1.148337743476109951 0.243914429340540001 1.000000000000000000
0.746875308808660043 1.192988704545850043 0.248516291859639998 1.000000000000000000
0.698082150828539971 1.211907854705110088 0.250705745891910026 1.000000000000000000
1.744320356575610020 0.002080307503380000 0.261437349748710024 1.000000000000000000
1.737826073254199910 0.056930777404740000 0.262531021473740023 1.000000000000000000
1.716505363866930090 0.165266111377879998 0.265243520184339998 1.000000000000000000
1.686852511735180027 0.272235839521470013 0.268481174155470015 1.000000000000000000
1.648867516859020110 0.377839961835340021 0.272243983387130017 1.000000000000000000
1.602371541729199933 0.481162571947780004 0.276367357879990005 1.000000000000000000
1.547364586345689963 0.582203669858859962 0.280851297634060026 1.000000000000000000
1.483846650708559922 0.680963255568450054 0.285695802649329977 1.000000000000000000
1.413066540090339940 0.773662174087820009 0.291709410415349979 1.000000000000000000
1.335024254490980056 0.860300425417049985 0.298892120932109984 1.000000000000000000
1.249719793910579968 0.940878009555989991 0.307243934199609992 1.000000000000000000
1.160571609169599894 1.013540779558359972 0.315545370785820012 1.000000000000000000
1.067579700267959897 1.078288735424179912 0.323796430690739989 1.000000000000000000
0.970744067205809968 1.135121877153369985 0.331997113914369979 1.000000000000000000
0.871006420800550019 1.184029539477519988 0.340245302125149973 1.000000000000000000
0.768366761052100000 1.225011722396659897 0.348540995323080027 1.000000000000000000
0.715595924506330028 1.241540074153699935 0.352712594415619973 1.000000000000000000
1.858466709726829924 0.001967482510150000 0.353146969246129983 1.000000000000000000
1.851575286429240075 0.060104412214310003 0.352295064421239978 1.000000000000000000
1.828349247156290103 0.174889554133800001 0.351691320553029985 1.000000000000000000
1.795680015205529889 0.288185978564459988 0.352187642466419981 1.000000000000000000
1.753567590577010060 0.399993685506109975 0.353784030161389984 1.000000000000000000
1.702140162965309900 0.508826744732369995 0.356293426973320004 1.000000000000000000
1.641397732370369900 0.614685156243309994 0.359715832902190003 1.000000000000000000
1.571340298792269996 0.717568920038770042 0.364051247948010026 1.000000000000000000
1.493390386937579972 0.813325088930270002 0.370456933468270022 1.000000000000000000
1.407547996806219892 0.901953662917849952 0.378932889462989975 1.000000000000000000
1.313813128398310104 0.983454642001399981 0.389479115932160003 1.000000000000000000
1.216031829730880087 1.056038192008520005 0.400462419024119998 1.000000000000000000
1.114204100803829922 1.119704312939250102 0.411882798738889999 1.000000000000000000
1.008329941617319925 1.174453004793500011 0.423740255076439976 1.000000000000000000
0.899879597957049970 1.219962898432630061 0.436073566375449972 1.000000000000000000
0.788853069822930020 1.256233993856660014 0.448882732635909998 1.000000000000000000
0.732051713518980018 1.269750142461089970 0.455525243246860001 1.000000000000000000
1.962178963806620047 0.001715287546990000 0.450043060250089999 1.000000000000000000
1.955510165372210007 0.063281257118330006 0.447125823012310020 1.000000000000000000
1.931503409497620005 0.184768932672560005 0.442938025974530025 1.000000000000000000
1.896827494617250087 0.304612344638329979 0.440396906374549979 1.000000000000000000
1.851482420731140000 0.422811493015450013 0.439502464212379984 1.000000000000000000
1.795930364462630102 0.537236477612390018 0.440102589754710005 1.000000000000000000
1.730171325811669991 0.647887298429239977 0.442197283001529995 1.000000000000000000
1.654205304778340047 0.754763955465819980 0.445786543952850001 1.000000000000000000
1.569692246048709938 0.853440774853939987 0.452149538176799981 1.000000000000000000
1.476632149622679968 0.943917756593649959 0.461286265673410023 1.000000000000000000
1.375025015500400016 1.026194900684830102 0.473196726442659976 1.000000000000000000
1.269060720595039937 1.098453142142270078 0.486094314360600022 1.000000000000000000
1.158739264906520017 1.160692480966029949 0.499979029427260024 1.000000000000000000
1.044060648434989913 1.212912917156000026 0.514850871642620000 1.000000000000000000
0.927124149981729984 1.254506087688280092 0.530638410748260014 1.000000000000000000
0.807929769546649967 1.285471992562879917 0.547341646744200050 1.000000000000000000
0.747203638338230003 1.295641312171329940 0.556151113187310031 1.000000000000000000
2.055457113806620217 0.001323722546990000 0.552125625250090013 1.000000000000000000
2.049630705372210038 0.066461312118329993 0.547023299678970010 1.000000000000000000
2.025967846719849863 0.194904247116999996 0.538983638752310035 1.000000000000000000
1.990294946283919897 0.321514937971659975 0.533108968041219988 1.000000000000000000
1.942612004064470099 0.446293384682109995 0.529399287545719965 1.000000000000000000
1.883742143351520015 0.566391770945720019 0.527794848088040003 1.000000000000000000
1.813685364144999923 0.681810096762569984 0.528295649668189982 1.000000000000000000
1.732441666445009965 0.792548362132480033 0.530901692286180005 1.000000000000000000
1.641972115493149920 0.894009232076160010 0.536787225954579950 1.000000000000000000
1.542276711289350066 0.986192706593649993 0.545952250673410022 1.000000000000000000
1.433355453833730087 1.069098785684829966 0.558396766442660009 1.000000000000000000
1.319658280595050082 1.140785629920050059 0.572441057138380005 1.000000000000000000
1.201185191573189925 1.201253239299360009 0.588085122760599988 1.000000000000000000
1.077936186768329918 1.250501613822670111 0.605328963309289980 1.000000000000000000
0.952740076092850052 1.287659106577170087 0.623939834637149970 1.000000000000000000
0.825596859546649964 1.312725717562879924 0.643917736744200053 1.000000000000000000
0.761051698338230054 1.319213582171330001 0.654590203187309982 1.000000000000000000
2.133513455574819861 0.000941557555910000 0.656728291431579958 1.000000000000000000
2.128854977850799912 0.069412704591520005 0.650201369031209953 1.000000000000000000
2.106257233971760012 0.204310544531639993 0.639583952560090041 1.000000000000000000
2.070378701661669929 0.337163930340660001 0.631402964418609991 1.000000000000000000
2.021219380920579844 0.467972862018380009 0.625658404606790008 1.000000000000000000
1.959912628931780088 0.593209890216660041 0.622390290608540009 1.000000000000000000
1.886458445695200048 0.712875014935580031 0.621598622423859992 1.000000000000000000
1.800856831210950082 0.826968236174980054 0.623283400052759951 1.000000000000000000
1.705405001256639963 0.930844533367940041 0.628386466049210002 1.000000000000000000
1.600102955832169993 1.024503906514530049 0.636907820413220027 1.000000000000000000
1.484950694937720028 1.107946355614600087 0.648847463144790026 1.000000000000000000
1.364545526901330019 1.179023239322990024 0.662796955567449997 1.000000000000000000
1.238887451722910038 1.237734557639710076 0.678756297681220033 1.000000000000000000
1.107976469402639941 1.284080310564670091 0.696725489486080041 1.000000000000000000
0.975344594283359956 1.316990413395769943 0.716345831273400013 1.000000000000000000
0.840991826364939965 1.336464866132980100 0.737617323043200046 1.000000000000000000
0.772954996006219974 1.339484267454640110 0.749078643919329989 1.000000000000000000
2.196347981804750216 0.000568792578280000 0.763851060004219984 1.000000000000000000
2.193182975657789857 0.072135434428160006 0.756660032643689973 1.000000000000000000
2.172371564449349979 0.212987824566560013 0.744738969584120003 1.000000000000000000
2.137078754326330099 0.351559321143600001 0.735278898186049967 1.000000000000000000
2.087304545288810154 0.487849924159080017 0.728279818449509952 1.000000000000000000
2.024441815615590112 0.617690834303350034 0.723888920629729982 1.000000000000000000
1.948490565306610023 0.741082051576489986 0.722106204726740031 1.000000000000000000
1.859450794361980019 0.858023575978320019 0.722931670740529997 1.000000000000000000
1.759990899092600092 0.963946676937360025 0.726947261802230016 1.000000000000000000
1.650110879498370098 1.058851354453679949 0.734152977911849969 1.000000000000000000
1.529810735579449910 1.142737608527129911 0.744548819069379975 1.000000000000000000
1.403722456772940053 1.213165968385540028 0.757162011572219962 1.000000000000000000
1.271846043078729949 1.270136434028930061 0.771992555420380033 1.000000000000000000
1.134181494497009890 1.313649005457220076 0.789040450613849975 1.000000000000000000
0.994937703107769966 1.342500006309639948 0.807856400227209948 1.000000000000000000
0.854114668910910035 1.356689436586169917 0.828440404260480046 1.000000000000000000
0.782913530408710034 1.356453366436489949 0.839616433487060054 1.000000000000000000
2.241489080882849816 0.000283287529740000 0.868382997208840046 1.000000000000000000
2.239672050702480099 0.074262252270290000 0.861965957710369990 1.000000000000000000
2.220619377387280213 0.219738445665189991 0.851216531607769999 1.000000000000000000
2.186148091117559922 0.362732902973870008 0.842551758399539996 1.000000000000000000
2.136258191893380065 0.503245624196109964 0.835971638085669988 1.000000000000000000
2.072520609144690162 0.636613986606210047 0.831659118449299961 1.000000000000000000
1.994935342871410056 0.762837990204250027 0.829614199490410043 1.000000000000000000
1.903502393073660093 0.881917634990029953 0.829836881209010002 1.000000000000000000
1.801199028047749895 0.989382280945680037 0.832625503080649976 1.000000000000000000
1.688025247793579986 1.085231928071259899 0.837980065105309979 1.000000000000000000
1.563981052311310016 1.169466576366620103 0.845900567283009996 1.000000000000000000
1.433683446888349922 1.239389054754439945 0.855801472340690039 1.000000000000000000
1.297132431524580021 1.294999363234730083 0.867682780278369981 1.000000000000000000
1.154328006220209923 1.336297501807399923 0.881544491096029947 1.000000000000000000
1.010003043975030046 1.361995083811240015 0.896962759772449991 1.000000000000000000
0.864157544788930032 1.372092109246219938 0.913937586307639993 1.000000000000000000
0.790474526725480020 1.369340343679269933 0.923203278504620028 1.000000000000000000
2.268936729235989880 0.000085042541630000 0.970324076092370036 1.000000000000000000
2.268322178983470216 0.075793157178430007 0.966119118127840015 1.000000000000000000
2.251000648342179833 0.224562404820189992 0.959016614028650016 1.000000000000000000
2.217586687564570003 0.370684670830089991 0.953221521759350043 1.000000000000000000
2.168080296650720218 0.514159955207920016 0.948733841319939986 1.000000000000000000
2.104148986135870203 0.649979338582070021 0.945700862717899993 1.000000000000000000
2.025792756019970220 0.778142820952619996 0.944122585953239946 1.000000000000000000
1.933011606303109975 0.898650402319389974 0.943999011025949963 1.000000000000000000
1.829029368600159966 1.007151333768419921 0.945421169646240012 1.000000000000000000
1.713846042911000067 1.103645615299770011 0.948389061814109979 1.000000000000000000
1.587461629235809912 1.188133246913289920 0.952902687529549985 1.000000000000000000
1.454428483421420060 1.257692486434009993 0.958715317276980006 1.000000000000000000
1.314746605467729923 1.312323333861959984 0.965826951056390048 1.000000000000000000
1.168415995374930016 1.352025789197039973 0.974237588867780002 1.000000000000000000
1.020540610009440075 1.375475636891299924 0.983664886792550042 1.000000000000000000
0.871120449371159955 1.382672876944710083 0.994108844830699945 1.000000000000000000
0.795637981415669993 1.378145193150980052 0.999839153906470046 1.000000000000000000
2.281335583135990053 -0.000009802502050000 1.070665023802199967 1.000000000000000000
2.281291508150760095 0.076494135864199994 1.068993199783869974 1.000000000000000000
2.264804348165749825 0.226779446204569995 1.066144400839569961 1.000000000000000000
2.231918178166159894 0.374342190152779974 1.063790450987659897 1.000000000000000000
2.182632998152040038 0.519182367708610037 1.061931350228120019 1.000000000000000000
2.118656453127290007 0.656136374696649982 1.060637418589359893 1.000000000000000000
2.039988543091829865 0.785204211117000006 1.059908656071359978 1.000000000000000000
1.946629268045779959 0.906385876969439952 1.059745062674140037 1.000000000000000000
1.841911487440399897 1.015382427813569910 1.060137509229339914 1.000000000000000000
1.725835201275560005 1.112193863649439951 1.061085995736960053 1.000000000000000000
1.598400409551459900 1.196820184476899973 1.062590522197010001 1.000000000000000000
1.464130690877410101 1.266239156957049916 1.064612182202159918 1.000000000000000000
1.323026045253310023 1.320450781089899994 1.067150975752400033 1.000000000000000000
1.175086472679359950 1.359455056875390033 1.070206902847739894 1.000000000000000000
1.025581117609690063 1.381911742368219898 1.073665600385939944 1.000000000000000000
0.874509980044160029 1.387820837568370047 1.077527068367019947 1.000000000000000000
0.798191520013529998 1.382501590022090054 1.079659187578990043 1.000000000000000000
2.278685628135990182 -0.000001247502050000 1.169405838802199948 1.000000000000000000
2.278580023150759803 0.076365187530870002 1.170588201450529997 1.000000000000000000
2.262030460943530219 0.226389567315679996 1.172599891395120109 1.000000000000000000
2.229142546499499833 0.373705456819449999 1.174258545987659996 1.000000000000000000
2.179916279818700175 0.518312856041939995 1.175564165228119906 1.000000000000000000
2.116042993682840212 0.655085088029989993 1.176468786922689969 1.000000000000000000
2.037522688091829792 0.784022152783660053 1.176972411071359970 1.000000000000000000
1.944355363045779939 0.905124050302779981 1.177075037674139901 1.000000000000000000
1.839845370218170073 1.014075553924689954 1.176774523673780104 1.000000000000000000
1.723992709608900054 1.110876663649440044 1.176070869070299896 1.000000000000000000
1.596797381218119982 1.195527379476899910 1.174964073863679959 1.000000000000000000
1.462790058655190073 1.265029056957049924 1.173492069979940045 1.000000000000000000
1.321970741919979986 1.319381696089900080 1.171654857419069939 1.000000000000000000
1.174339431012699997 1.358585296875389981 1.169452436181070087 1.000000000000000000
1.025124561498580000 1.381303393479329955 1.166964903719279967 1.000000000000000000
0.874326133377489989 1.387535985901700020 1.164192260033690030 1.000000000000000000
0.798135140013530031 1.382409530022089994 1.162663382578990046 1.000000000000000000
2.260601234050089836 0.000002220000440000 1.268688810547210055 1.000000000000000000
2.260294116642290074 0.075524459585770004 1.272223355881000106 1.000000000000000000
2.243690758598960056 0.223976479253250010 1.278263417795779899 1.000000000000000000
2.211098277327829820 0.369836039417530016 1.283274450957800017 1.000000000000000000
2.162516672828969977 0.513103140078409958 1.287256455367020047 1.000000000000000000
2.099540473483560099 0.648856308357369960 1.290067844930979923 1.000000000000000000
2.022169679291539790 0.777095544254519988 1.291708619649660106 1.000000000000000000
1.930404290253010080 0.897820847769639996 1.292178779523069920 1.000000000000000000
1.827379508118240015 1.006638351718710078 1.291452488176999980 1.000000000000000000
1.713095332887140110 1.103548056101780084 1.289529745611460054 1.000000000000000000
1.587551764559880008 1.188549960918710013 1.286410551826429938 1.000000000000000000
1.455307305901039960 1.258756278338309942 1.282214657909600097 1.000000000000000000
1.316361956910520048 1.314167008360600075 1.276942063860960097 1.000000000000000000
1.170715717588509897 1.354782150985510025 1.270592769680519929 1.000000000000000000
1.023366831103790009 1.379282314538230025 1.263389023399569933 1.000000000000000000
0.874315297456250029 1.387667499018740092 1.255330825018110108 1.000000000000000000
0.798938207051119953 1.383802601722879944 1.250874499777129945 1.000000000000000000
2.227082386061220109 0.000000600000530000 1.368513939557709946 1.000000000000000000
2.226433773673909933 0.073971951345589995 1.373898663113809926 1.000000000000000000
2.209785226188849983 0.219540180074979996 1.383134979281269938 1.000000000000000000
2.177785355993279826 0.362733934843660011 1.390838164503970020 1.000000000000000000
2.130434163087250088 0.503553215651399988 1.397008218781909950 1.000000000000000000
2.069148879195950030 0.637450030708419990 1.401434590471190011 1.000000000000000000
1.993929504319279955 0.764424380014789961 1.404117279571809984 1.000000000000000000
1.904776038457369980 0.884476263570320054 1.405056286083750106 1.000000000000000000
1.804513891156849903 0.993070815310539978 1.404171400858309937 1.000000000000000000
1.693143062417610034 1.090208035235519901 1.401462623895479931 1.000000000000000000
1.570663552239840000 1.175887923345100061 1.396929955195260087 1.000000000000000000
1.441682426718529975 1.247420816240659924 1.390779945840129983 1.000000000000000000
1.306199685853580039 1.304806713922219918 1.383012595830060087 1.000000000000000000
1.164215329645200026 1.348045616389700108 1.373627905165079932 1.000000000000000000
1.020307925176209940 1.375848504188700083 1.362937962426640004 1.000000000000000000
0.874477472446519966 1.388215377319200083 1.350942767614730089 1.000000000000000000
0.800600721951369998 1.386680806550190104 1.344292544172039916 1.000000000000000000
2.179291926756759867 -0.000000032500100000 1.465712404465620011 1.000000000000000000
2.178322875170930040 0.071930704849689997 1.472688929105590017 1.000000000000000000
2.161864664778189837 0.213696518624339998 1.484721282347609916 1.000000000000000000
2.130886347164319794 0.353366671474049987 1.494832939551699935 1.000000000000000000
2.085387922329379862 0.490941163398629976 1.503023900717840089 1.000000000000000000
2.026556198127699826 0.622352775906059974 1.509032829465980052 1.000000000000000000
1.954391174559209965 0.747601508996439956 1.512859725796090071 1.000000000000000000
1.868892851623999984 0.866687362669580019 1.514504589708179916 1.000000000000000000
1.772510514997069908 0.974956048063109981 1.513799541234920110 1.000000000000000000
1.665244164678320038 1.072407565177089905 1.510744580376299995 1.000000000000000000
1.547093800667910024 1.159041914011389895 1.505339707132320015 1.000000000000000000
1.422683771302879929 1.232369331178289951 1.497883697587730101 1.000000000000000000
1.292014076583120064 1.292389816677830039 1.488376551742520038 1.000000000000000000
1.155084716508830045 1.339103370509930002 1.476818269596700040 1.000000000000000000
1.015943529864310024 1.371287210147059898 1.463567494482729936 1.000000000000000000
0.874590516649449978 1.388941335589239934 1.448624226400579973 1.000000000000000000
0.802808096756900014 1.390503541212839922 1.440306345875419947 1.000000000000000000
2.117229850480490061 0.000000322499880000 1.560284178791309984 1.000000000000000000
2.115961415579279858 0.069400720001490002 1.568594126684609957 1.000000000000000000
2.099929069049879971 0.206445494614960007 1.583022298671759920 1.000000000000000000
2.070401245793429990 0.341734248838669985 1.595258746859480103 1.000000000000000000
2.027377945809980098 0.475266982672410021 1.605303471247740088 1.000000000000000000
1.971762425859769907 0.603564543144469945 1.612862531569529967 1.000000000000000000
1.903554685942729918 0.726626930254919978 1.617935927824849962 1.000000000000000000
1.822754726058960051 0.844454144003569995 1.620523660013700074 1.000000000000000000
1.731369376354430001 0.952294048867269982 1.620336879287120002 1.000000000000000000
1.629398636829050062 1.050146644846079891 1.617375585645099978 1.000000000000000000
1.516842507482980107 1.138011931939850063 1.611639779087640001 1.000000000000000000
1.398311337765220097 1.213601822304340105 1.603525885693640074 1.000000000000000000
1.273805127675649906 1.276916315939579993 1.593033905463079991 1.000000000000000000
1.143323877214480033 1.327955412845470029 1.580163838395969966 1.000000000000000000
1.010273644648939984 1.365598432155050057 1.565277596713460007 1.000000000000000000
0.874654429978940051 1.389845373868330070 1.548375180415519914 1.000000000000000000
0.805560331591759993 1.395270805926799973 1.538915884958850011 1.000000000000000000
2.045927463995380169 0.000000442500040000 1.655098493279530070 1.000000000000000000
2.044499957335470075 0.066783535973510000 1.664187431532009986 1.000000000000000000
2.029235740269069943 0.198914435034120013 1.680074509677430106 1.000000000000000000
2.001562319456069883 0.329610046208390017 1.693670789463280091 1.000000000000000000
1.961479694896510084 0.458870369496130026 1.704976270889559942 1.000000000000000000
1.909592685592059969 0.583842183547359950 1.713693179225070029 1.000000000000000000
1.845901291542660028 0.704525488362160002 1.719821514469809909 1.000000000000000000
1.770405512748419952 0.820920283940359985 1.723361276623780025 1.000000000000000000
1.684695745460939920 0.928268375251199984 1.723919237107480074 1.000000000000000000
1.588771989680159979 1.026569762294740062 1.721495395920900062 1.000000000000000000
1.482634245406210027 1.115824445070819904 1.716089753064049983 1.000000000000000000
1.370800441311639917 1.193874893280369998 1.708158501584599920 1.000000000000000000
1.253270577396349950 1.260721106923410106 1.697701641482550095 1.000000000000000000
1.130044653660529974 1.316363085999850080 1.684719172757900063 1.000000000000000000
1.003873249789440036 1.359846085982590047 1.669543386822059938 1.000000000000000000
0.874756365782979994 1.391170106871640000 1.652174283674989974 1.000000000000000000
0.808725183712109996 1.400752627769300096 1.642393073495850064 1.000000000000000000
1.965384753995379929 0.000000327500040000 1.750155348279530010 1.000000000000000000
1.963938487335469940 0.064079152640180007 1.759468843198680021 1.000000000000000000
1.949784665824630059 0.191103339478570000 1.775877913566320077 1.000000000000000000
1.924369556122740077 0.316994062875059990 1.790069064463279958 1.000000000000000000
1.887693158229839963 0.441751322829460003 1.802042295889560108 1.000000000000000000
1.840046966703170028 0.563185695769579997 1.811524768113949913 1.000000000000000000
1.781430981542660108 0.681297181695500020 1.818516481136480012 1.000000000000000000
1.711845202748409900 0.796085780607029947 1.823017434957109995 1.000000000000000000
1.632489614349829976 0.902879025251200007 1.824546610440809902 1.000000000000000000
1.543364216346819973 1.001676915628070041 1.823104007587569964 1.000000000000000000
1.444469008739539984 1.092479451737490059 1.818689626397379966 1.000000000000000000
1.340151077422740089 1.173188542724810102 1.811781543806820105 1.000000000000000000
1.230410422396349901 1.243804188590079907 1.802379759815879945 1.000000000000000000
1.115247043660529958 1.304326389333180014 1.790484274424569922 1.000000000000000000
0.996742344233879973 1.354030171538139982 1.776364868488720106 1.000000000000000000
0.874896324116310020 1.392915535204970023 1.760021542008320061 1.000000000000000000
0.812302653712109968 1.406949007769300097 1.750737918495850032 1.000000000000000000
1.883781459738909980 0.000000237500030000 1.850779453585370105 1.000000000000000000
1.882518486255299939 0.061702949132000001 1.859654922347929951 1.000000000000000000
1.869789491132560100 0.184195066508699989 1.875398726403749938 1.000000000000000000
1.846857447854280077 0.305773877998149979 1.889135396990250015 1.000000000000000000
1.813722356420490067 0.426439383600159982 1.900864934107419968 1.000000000000000000
1.770389448876739991 0.544625246976589983 1.910356480787799960 1.000000000000000000
1.716858725222959903 0.660331468127519972 1.917610037031389991 1.000000000000000000
1.653130185459229962 0.773558047052779973 1.922625602838190062 1.000000000000000000
1.580126489649569921 0.879805650873090039 1.924909622905969897 1.000000000000000000
1.497847637793920050 0.979074279588490026 1.924462097234709956 1.000000000000000000
1.406293629892400032 1.071363933198840046 1.921283025824430002 1.000000000000000000
1.309540649700730031 1.154556845076099902 1.915806757051099929 1.000000000000000000
1.207588697218850093 1.228653015220299904 1.908033290914709967 1.000000000000000000
1.100437772446879903 1.293652443631329918 1.897962627415280101 1.000000000000000000
0.989588825020999985 1.349110185458229916 1.885805626852149919 1.000000000000000000
0.875041854941099984 1.395026240701020104 1.871562289225310094 1.000000000000000000
0.815919358574179965 1.413213425030340087 1.863397451880050015 1.000000000000000000
1.801117579698749971 0.000000172500030000 1.956970817213879998 1.000000000000000000
1.800239952858680104 0.059654925921550001 1.964745676042479960 1.000000000000000000
1.789250215409359912 0.178189617424589997 1.978636953542789900 1.000000000000000000
1.769025994190829953 0.295949493587610024 1.990869790886180102 1.000000000000000000
1.739567289203129974 0.412934554410450017 2.001444188072659891 1.000000000000000000
1.700620131951779967 0.528160840186679970 2.010188318686779940 1.000000000000000000
1.652184522436739966 0.641628350916380041 2.017102182728530035 1.000000000000000000
1.594260460658069922 0.753337086599380035 2.022185780197919946 1.000000000000000000
1.527606371134109908 0.859048255451860032 2.025008274122269913 1.000000000000000000
1.452222253864779988 0.958761857473899970 2.025569664501590150 1.000000000000000000
1.368108108850190074 1.052477892665339976 2.023869951335880213 1.000000000000000000
1.278969158201689993 1.137979803292940018 2.020234141896569913 1.000000000000000000
1.184805401919170054 1.215267589356759936 2.014662236183640154 1.000000000000000000
1.085616840002799899 1.284341250856670058 2.007154234197110032 1.000000000000000000
0.982412692118230013 1.345086129033010058 1.997865665684100067 1.000000000000000000
0.875192958265360033 1.397502223885799921 1.986796530644590053 1.000000000000000000
0.819575298354830006 1.419545879650399911 1.980371679861600009 1.000000000000000000
1.732983345905769967 0.000000105000030000 2.073550602982400015 1.000000000000000000
1.732474974934709921 0.058155097037750000 2.079608763892180079 1.000000000000000000
1.722982415556340019 0.173753366395839992 2.090491325794269883 1.000000000000000000
1.705014038741720084 0.288639921036589975 2.100140127778889809 1.000000000000000000
1.678569844490860108 0.402814760959829987 2.108555169846010102 1.000000000000000000
1.643192793694419951 0.515762473527299981 2.115620618086110127 1.000000000000000000
1.598882886352340105 0.627483058739079946 2.121336472499189885 1.000000000000000000
1.545640122464690069 0.737976516595009957 2.125702733085249818 1.000000000000000000
1.484168848676240104 0.843253678668750006 2.128393013120600141 1.000000000000000000
1.414469064986930036 0.943314544960360046 2.129407312605259950 1.000000000000000000
1.336540771396869998 1.038159115469710070 2.128745631539210148 1.000000000000000000
1.253711798611250039 1.125461633576839926 2.126620124412290203 1.000000000000000000
1.165982146630009986 1.205222099281809900 2.123030791224489899 1.000000000000000000
1.073351815453269964 1.277440512584510079 2.117977631975819897 1.000000000000000000
0.976472682390139957 1.342302489768480100 2.111568135293279802 1.000000000000000000
0.875344747440560011 1.399808030833759931 2.103802301176859846 1.000000000000000000
0.822656379022570050 1.424882583307029993 2.099241215401720151 1.000000000000000000
1.679378799122049903 0.000000035000030000 2.200518800364310135 1.000000000000000000
1.679223593129790082 0.057203463761509997 2.204244174747389984 1.000000000000000000
1.670986131453890078 0.170886317123420006 2.210961830788269911 1.000000000000000000
1.654821620086599943 0.283845166324279974 2.216946394103839868 1.000000000000000000
1.630730059027919898 0.396080011363910023 2.222197864694119840 1.000000000000000000
1.598107468621760008 0.507430156805020016 2.226653363090810078 1.000000000000000000
1.556953848868080081 0.617895602647659969 2.230312889293939893 1.000000000000000000
1.507269199766940071 0.727476348891689995 2.233176443303490188 1.000000000000000000
1.449813947959750049 0.832421932651990049 2.235063820609239915 1.000000000000000000
1.384588093446460055 0.932732353928629965 2.235975021211200175 1.000000000000000000
1.311591636227150026 1.028407612721460085 2.235910045109350097 1.000000000000000000
1.233768585918950000 1.117002345751060055 2.234964682356059829 1.000000000000000000
1.151118942521800026 1.198516553017479946 2.233138932951340028 1.000000000000000000
1.063642706035810015 1.272950234520590085 2.230432796895180037 1.000000000000000000
0.971768799339040035 1.340759270416620019 2.226913011150359889 1.000000000000000000
0.875497222431410038 1.401943660705619932 2.222579575716889799 1.000000000000000000
0.825162598872200004 1.429223533046569905 2.220006033155829783 1.000000000000000000
1.652726639855869983 0.000000084999920000 2.332001414721419863 1.000000000000000000
1.652737121532990017 0.057302349448229997 2.333280905949730144 1.000000000000000000
1.644904471746829966 0.171119893399500012 2.335598508730179823 1.000000000000000000
1.629218208820230052 0.284150452405409981 2.337674731834459951 1.000000000000000000
1.605678332753220028 0.396394026465800020 2.339509575262579855 1.000000000000000000
1.574181861327639931 0.507055717470970002 2.341084837885940129 1.000000000000000000
1.534728794543440022 0.616135525420990038 2.342400519704550099 1.000000000000000000
1.487319132400700017 0.723633450315710025 2.343456620718399996 1.000000000000000000
1.432586834492149963 0.826914040088259972 2.344199584209429865 1.000000000000000000
1.370531900817749893 0.925977294738710044 2.344629410177620166 1.000000000000000000
1.301154331377579965 1.020823214266920020 2.344746098622970010 1.000000000000000000
1.226417758595210072 1.109578421955329963 2.344568453452430035 1.000000000000000000
1.146322182470560058 1.192242917804009927 2.344096474665999796 1.000000000000000000
1.060867603003760040 1.268816701812820025 2.343330162263669969 1.000000000000000000
0.970788640349820042 1.338982603187029996 2.342292696823260023 1.000000000000000000
0.876085294508660017 1.402740621926670039 2.340984078344769959 1.000000000000000000
0.826421429994509960 1.431415689979190109 2.340194192586479982 1.000000000000000000
1.652876779999999934 0.000000170000000000 2.399999999999999911 1.000000000000000000
1.652876366666669927 0.057877053333279999 2.399999999999999911 1.000000000000000000
1.644820978888900109 0.172786998888800003 2.399999999999999911 1.000000000000000000
1.628711030000010052 0.286853123333299986 2.399999999999999911 1.000000000000000000
1.604546520000009968 0.400075426666610001 2.399999999999999911 1.000000000000000000
1.572798935555580035 0.510847447777699970 2.399999999999999911 1.000000000000000000
1.533468276666680064 0.619169186666640003 2.399999999999999911 1.000000000000000000
1.486554543333360012 0.725040643333279999 2.399999999999999911 1.000000000000000000
1.432537187777819909 0.826822025555480011 2.399999999999999911 1.000000000000000000
1.371416210000020008 0.924513333333309983 2.399999999999999911 1.000000000000000000
1.303191610000030032 1.018114566666620036 2.399999999999999911 1.000000000000000000
1.229038552222279979 1.106384139999939897 2.399999999999999911 1.000000000000000000
1.148957036666689913 1.189322053333309981 2.399999999999999911 1.000000000000000000
1.062947063333379960 1.266928306666629922 2.399999999999999911 1.000000000000000000
0.972160427777849945 1.337977544444389988 2.399999999999999911 1.000000000000000000
0.876597130000030034 1.402469766666649909 2.399999999999999911 1.000000000000000000
0.826427149999999999 1.431437370000000042 2.399999999999999911 1.000000000000000000
1
