3
2 2
17 8
0.000000000000000000 0.000000000000000000 0.000000000000000000 0.067000000000000004 0.133000000000000007 0.200000000000000011 0.267000000000000015 0.333000000000000018 0.400000000000000022 0.467000000000000026 0.533000000000000029 0.599999999999999978 0.667000000000000037 0.732999999999999985 0.800000000000000044 0.866999999999999993 0.933000000000000052 1.000000000000000000 1.000000000000000000 1.000000000000000000
0.000000000000000000 0.000000000000000000 0.000000000000000000 0.167000000000000010 0.333000000000000018 0.500000000000000000 0.667000000000000037 0.832999999999999963 1.000000000000000000 1.000000000000000000 1.000000000000000000
-1.310980220000000029 0.000000010000000000 -1.000000000000000000 1.000000000000000000
-1.310980220000000029 -0.045929843333289998 -1.000000000000000000 1.000000000000000000
-1.304613984444449981 -0.137120434444379991 -1.000000000000000000 1.000000000000000000
-1.291881513333339893 -0.227641909999979991 -1.000000000000000000 1.000000000000000000
-1.272782806666679978 -0.317494269999959999 -1.000000000000000000 1.000000000000000000
-1.247596097777800006 -0.405368522222160022 -1.000000000000000000 1.000000000000000000
-1.216321386666679993 -0.491264666666649974 -1.000000000000000000 1.000000000000000000
-1.178958673333349916 -0.575182703333290024 -1.000000000000000000 1.000000000000000000
-1.136052267777809988 -0.655900084444389964 -1.000000000000000000 1.000000000000000000
-1.087602170000010027 -0.733416809999980046 -1.000000000000000000 1.000000000000000000
-1.033608380000029969 -0.807732879999960018 -1.000000000000000000 1.000000000000000000
-0.974857496666709955 -0.877765642222170017 -1.000000000000000000 1.000000000000000000
-0.911349520000020008 -0.943515096666650011 -1.000000000000000000 1.000000000000000000
-0.843084450000029961 -1.004981243333300078 -1.000000000000000000 1.000000000000000000
-0.771056790000059999 -1.061268625555519929 -1.000000000000000000 1.000000000000000000
-0.695266540000019972 -1.112377243333320109 -1.000000000000000000 1.000000000000000000
-0.655490119999999954 -1.135342169999999928 -1.000000000000000000 1.000000000000000000
-1.310980220000000029 0.000000010000000000 -0.916666619999999988 1.000000000000000000
-1.310980220000000029 -0.045929843333289998 -0.916666619999999988 1.000000000000000000
-1.304613984444449981 -0.137120434444379991 -0.916666619999999988 1.000000000000000000
-1.291881513333339893 -0.227641909999979991 -0.916666619999999988 1.000000000000000000
-1.272782806666679978 -0.317494269999959999 -0.916666619999999988 1.000000000000000000
-1.247596097777800006 -0.405368522222160022 -0.916666619999999988 1.000000000000000000
-1.216321386666679993 -0.491264666666649974 -0.916666619999999988 1.000000000000000000
-1.178958673333349916 -0.575182703333290024 -0.916666619999999988 1.000000000000000000
-1.136052267777809988 -0.655900084444389964 -0.916666619999999988 1.000000000000000000
-1.087602170000010027 -0.733416809999980046 -0.916666619999999988 1.000000000000000000
-1.033608380000029969 -0.807732879999960018 -0.916666619999999988 1.000000000000000000
-0.974857496666709955 -0.877765642222170017 -0.916666619999999988 1.000000000000000000
-0.911349520000020008 -0.943515096666650011 -0.916666619999999988 1.000000000000000000
-0.843084450000029961 -1.004981243333300078 -0.916666619999999988 1.000000000000000000
-0.771056790000059999 -1.061268625555519929 -0.916666619999999988 1.000000000000000000
-0.695266540000019972 -1.112377243333320109 -0.916666619999999988 1.000000000000000000
-0.655490119999999954 -1.135342169999999928 -0.916666619999999988 1.000000000000000000
-1.310980220000000029 0.000000010000000000 -0.750000000000000000 1.000000000000000000
-1.310980220000000029 -0.045929843333289998 -0.750000000000000000 1.000000000000000000
-1.304613984444449981 -0.137120434444379991 -0.750000000000000000 1.000000000000000000
-1.291881513333339893 -0.227641909999979991 -0.750000000000000000 1.000000000000000000
-1.272782806666679978 -0.317494269999959999 -0.750000000000000000 1.000000000000000000
-1.247596097777800006 -0.405368522222160022 -0.750000000000000000 1.000000000000000000
-1.216321386666679993 -0.491264666666649974 -0.750000000000000000 1.000000000000000000
-1.178958673333349916 -0.575182703333290024 -0.750000000000000000 1.000000000000000000
-1.136052267777809988 -0.655900084444389964 -0.750000000000000000 1.000000000000000000
-1.087602170000010027 -0.733416809999980046 -0.750000000000000000 1.000000000000000000
-1.033608380000029969 -0.807732879999960018 -0.750000000000000000 1.000000000000000000
-0.974857496666709955 -0.877765642222170017 -0.750000000000000000 1.000000000000000000
-0.911349520000020008 -0.943515096666650011 -0.750000000000000000 1.000000000000000000
-0.843084450000029961 -1.004981243333300078 -0.750000000000000000 1.000000000000000000
-0.771056790000059999 -1.061268625555519929 -0.750000000000000000 1.000000000000000000
-0.695266540000019972 -1.112377243333320109 -0.750000000000000000 1.000000000000000000
-0.655490119999999954 -1.135342169999999928 -0.750000000000000000 1.000000000000000000
-1.310980220000000029 0.000000010000000000 -0.583333380000000012 1.000000000000000000
-1.310980220000000029 -0.045929843333289998 -0.583333380000000012 1.000000000000000000
-1.304613984444449981 -0.137120434444379991 -0.583333380000000012 1.000000000000000000
-1.291881513333339893 -0.227641909999979991 -0.583333380000000012 1.000000000000000000
-1.272782806666679978 -0.317494269999959999 -0.583333380000000012 1.000000000000000000
-1.247596097777800006 -0.405368522222160022 -0.583333380000000012 1.000000000000000000
-1.216321386666679993 -0.491264666666649974 -0.583333380000000012 1.000000000000000000
-1.178958673333349916 -0.575182703333290024 -0.583333380000000012 1.000000000000000000
-1.136052267777809988 -0.655900084444389964 -0.583333380000000012 1.000000000000000000
-1.087602170000010027 -0.733416809999980046 -0.583333380000000012 1.000000000000000000
-1.033608380000029969 -0.807732879999960018 -0.583333380000000012 1.000000000000000000
-0.974857496666709955 -0.877765642222170017 -0.583333380000000012 1.000000000000000000
-0.911349520000020008 -0.943515096666650011 -0.583333380000000012 1.000000000000000000
-0.843084450000029961 -1.004981243333300078 -0.583333380000000012 1.000000000000000000
-0.771056790000059999 -1.061268625555519929 -0.583333380000000012 1.000000000000000000
-0.695266540000019972 -1.112377243333320109 -0.583333380000000012 1.000000000000000000
-0.655490119999999954 -1.135342169999999928 -0.583333380000000012 1.000000000000000000
-1.310980220000000029 0.000000010000000000 -0.416666619999999988 1.000000000000000000
-1.310980220000000029 -0.045929843333289998 -0.416666619999999988 1.000000000000000000
-1.304613984444449981 -0.137120434444379991 -0.416666619999999988 1.000000000000000000
-1.291881513333339893 -0.227641909999979991 -0.416666619999999988 1.000000000000000000
-1.272782806666679978 -0.317494269999959999 -0.416666619999999988 1.000000000000000000
-1.247596097777800006 -0.405368522222160022 -0.416666619999999988 1.000000000000000000
-1.216321386666679993 -0.491264666666649974 -0.416666619999999988 1.000000000000000000
-1.178958673333349916 -0.575182703333290024 -0.416666619999999988 1.000000000000000000
-1.136052267777809988 -0.655900084444389964 -0.416666619999999988 1.000000000000000000
-1.087602170000010027 -0.733416809999980046 -0.416666619999999988 1.000000000000000000
-1.033608380000029969 -0.807732879999960018 -0.416666619999999988 1.000000000000000000
-0.974857496666709955 -0.877765642222170017 -0.416666619999999988 1.000000000000000000
-0.911349520000020008 -0.943515096666650011 -0.416666619999999988 1.000000000000000000
-0.843084450000029961 -1.004981243333300078 -0.416666619999999988 1.000000000000000000
-0.771056790000059999 -1.061268625555519929 -0.416666619999999988 1.000000000000000000
-0.695266540000019972 -1.112377243333320109 -0.416666619999999988 1.000000000000000000
-0.655490119999999954 -1.135342169999999928 -0.416666619999999988 1.000000000000000000
-1.310980220000000029 0.000000010000000000 -0.250000000000000000 1.000000000000000000
-1.310980220000000029 -0.045929843333289998 -0.250000000000000000 1.000000000000000000
-1.304613984444449981 -0.137120434444379991 -0.250000000000000000 1.000000000000000000
-1.291881513333339893 -0.227641909999979991 -0.250000000000000000 1.000000000000000000
-1.272782806666679978 -0.317494269999959999 -0.250000000000000000 1.000000000000000000
-1.247596097777800006 -0.405368522222160022 -0.250000000000000000 1.000000000000000000
-1.216321386666679993 -0.491264666666649974 -0.250000000000000000 1.000000000000000000
-1.178958673333349916 -0.575182703333290024 -0.250000000000000000 1.000000000000000000
-1.136052267777809988 -0.655900084444389964 -0.250000000000000000 1.000000000000000000
-1.087602170000010027 -0.733416809999980046 -0.250000000000000000 1.000000000000000000
-1.033608380000029969 -0.807732879999960018 -0.250000000000000000 1.000000000000000000
-0.974857496666709955 -0.877765642222170017 -0.250000000000000000 1.000000000000000000
-0.911349520000020008 -0.943515096666650011 -0.250000000000000000 1.000000000000000000
-0.843084450000029961 -1.004981243333300078 -0.250000000000000000 1.000000000000000000
-0.771056790000059999 -1.061268625555519929 -0.250000000000000000 1.000000000000000000
-0.695266540000019972 -1.112377243333320109 -0.250000000000000000 1.000000000000000000
-0.655490119999999954 -1.135342169999999928 -0.250000000000000000 1.000000000000000000
-1.310980220000000029 0.000000010000000000 -0.083333379999999999 1.000000000000000000
-1.310980220000000029 -0.045929843333289998 -0.083333379999999999 1.000000000000000000
-1.304613984444449981 -0.137120434444379991 -0.083333379999999999 1.000000000000000000
-1.291881513333339893 -0.227641909999979991 -0.083333379999999999 1.000000000000000000
-1.272782806666679978 -0.317494269999959999 -0.083333379999999999 1.000000000000000000
-1.247596097777800006 -0.405368522222160022 -0.083333379999999999 1.000000000000000000
-1.216321386666679993 -0.491264666666649974 -0.083333379999999999 1.000000000000000000
-1.178958673333349916 -0.575182703333290024 -0.083333379999999999 1.000000000000000000
-1.136052267777809988 -0.655900084444389964 -0.083333379999999999 1.000000000000000000
-1.087602170000010027 -0.733416809999980046 -0.083333379999999999 1.000000000000000000
-1.033608380000029969 -0.807732879999960018 -0.083333379999999999 1.000000000000000000
-0.974857496666709955 -0.877765642222170017 -0.083333379999999999 1.000000000000000000
-0.911349520000020008 -0.943515096666650011 -0.083333379999999999 1.000000000000000000
-0.843084450000029961 -1.004981243333300078 -0.083333379999999999 1.000000000000000000
-0.771056790000059999 -1.061268625555519929 -0.083333379999999999 1.000000000000000000
-0.695266540000019972 -1.112377243333320109 -0.083333379999999999 1.000000000000000000
-0.655490119999999954 -1.135342169999999928 -0.083333379999999999 1.000000000000000000
-1.310999999999999943 0.000000000000000000 0.000000000000000000 1.000000000000000000
-1.310971926666669951 -0.045006116666620001 0.000000000000000000 1.000000000000000000
-1.304854892222230056 -0.134428757777709990 0.000000000000000000 1.000000000000000000
-1.292676970000000036 -0.223261806666640000 0.000000000000000000 1.000000000000000000
-1.274438160000010090 -0.311505263333289983 0.000000000000000000 1.000000000000000000
-1.249597867777799909 -0.399179857777709979 0.000000000000000000 1.000000000000000000
-1.218156093333339962 -0.486285589999980006 0.000000000000000000 1.000000000000000000
-1.180112836666689979 -0.572822459999959954 0.000000000000000000 1.000000000000000000
-1.136110210000039977 -0.655919607777719960 0.000000000000000000 1.000000000000000000
-1.086148213333349988 -0.735577033333310037 0.000000000000000000 1.000000000000000000
-1.030226846666689955 -0.811794736666630046 0.000000000000000000 1.000000000000000000
-0.970511252222269971 -0.882580001111060053 0.000000000000000000 1.000000000000000000
-0.907001430000019981 -0.947932826666650019 0.000000000000000000 1.000000000000000000
-0.839697380000030025 -1.007853213333300024 0.000000000000000000 1.000000000000000000
-0.768851715555610049 -1.062819184444409926 0.000000000000000000 1.000000000000000000
-0.694464436666689999 -1.112830739999989937 0.000000000000000000 1.000000000000000000
-0.655499990000000032 -1.135359309999999899 0.000000000000000000 1.000000000000000000
1
