3
3 3
5 18
0.000000000000000000 0.000000000000000000 0.000000000000000000 0.000000000000000000 0.500000000000000000 1.000000000000000000 1.000000000000000000 1.000000000000000000 1.000000000000000000
0.000000000000000000 0.000000000000000000 0.000000000000000000 0.000000000000000000 0.066666666666666666 0.133333333333333331 0.200000000000000011 0.266666666666666663 0.333333333333333315 0.400000000000000022 0.466666666666666674 0.533333333333333326 0.599999999999999978 0.666666666666666630 0.733333333333333282 0.800000000000000044 0.866666666666666696 0.933333333333333348 1.000000000000000000 1.000000000000000000 1.000000000000000000 1.000000000000000000
-0.340769618749618530 0.630021631717681885 0.508214712142944336 1.000000000000000000
0.038892891258001328 0.274875044822692871 0.339898705482482910 1.000000000000000000
-0.365129888057708740 0.330380976200103760 0.061007276177406311 1.000000000000000000
-0.395363509654998779 0.612891793251037598 0.044909775257110596 1.000000000000000000
-0.476591050624847412 0.485792696475982666 -0.205026596784591675 1.000000000000000000
-0.253672301769256592 0.676968634128570557 0.511004686355590820 1.000000000000000000
-0.095754228532314301 0.458647847175598145 0.402979165315628052 1.000000000000000000
-0.075739212334156036 0.239803165197372437 -0.027201004326343536 1.000000000000000000
-0.463851273059844971 0.729793250560760498 0.094036355614662170 1.000000000000000000
-0.451272994279861450 0.508246362209320068 -0.137495532631874084 1.000000000000000000
-0.031155267730355263 0.686607956886291504 0.513291656970977783 1.000000000000000000
0.056184597313404083 0.374855011701583862 0.402443736791610718 1.000000000000000000
-0.161760151386260986 0.668123185634613037 0.036764740943908691 1.000000000000000000
-0.104188553988933563 0.416717231273651123 -0.215212404727935791 1.000000000000000000
-0.215319335460662842 0.499780237674713135 0.058658078312873840 1.000000000000000000
0.234989553689956665 0.580348372459411621 0.446219563484191895 1.000000000000000000
0.253166973590850830 0.488579571247100830 0.539403796195983887 1.000000000000000000
0.224343612790107727 0.551806747913360596 -0.269810765981674194 1.000000000000000000
0.048777557909488678 0.720182180404663086 -0.119590483605861664 1.000000000000000000
0.295775741338729858 0.700131773948669434 -0.361902087926864624 1.000000000000000000
0.544210493564605713 0.571705222129821777 0.465020805597305298 1.000000000000000000
0.517454266548156738 0.247714117169380188 0.399556487798690796 1.000000000000000000
0.182002872228622437 0.622329831123352051 -0.289116621017456055 1.000000000000000000
0.381971657276153564 0.358465611934661865 -0.402406632900238037 1.000000000000000000
0.312734812498092651 0.441026657819747925 -0.300608009099960327 1.000000000000000000
0.718439459800720215 0.267245948314666748 0.411197453737258911 1.000000000000000000
0.747117578983306885 0.498532861471176147 0.330580204725265503 1.000000000000000000
0.480742722749710083 0.055465463548898697 -0.091357491910457611 1.000000000000000000
0.945211231708526611 0.206726968288421631 -0.261209160089492798 1.000000000000000000
0.330390840768814087 0.314546316862106323 -0.358666718006134033 1.000000000000000000
0.697205543518066406 -0.004707051441073418 0.543090522289276123 1.000000000000000000
0.620400011539459229 -0.105129390954971313 0.350405484437942505 1.000000000000000000
0.474186569452285767 0.026716312393546104 -0.163814663887023926 1.000000000000000000
0.618711829185485840 0.007737403269857168 -0.101074695587158203 1.000000000000000000
0.491658210754394531 0.240079894661903381 -0.440764069557189941 1.000000000000000000
0.647589862346649170 -0.317951291799545288 0.525401592254638672 1.000000000000000000
0.487397521734237671 -0.049570620059967041 0.527825534343719482 1.000000000000000000
0.299136936664581299 -0.334550648927688599 0.079975768923759460 1.000000000000000000
0.145644947886466980 0.005384931340813637 -0.513527393341064453 1.000000000000000000
0.347064077854156494 -0.153126522898674011 -0.198439717292785645 1.000000000000000000
0.442064791917800903 -0.571488320827484131 0.484373539686203003 1.000000000000000000
0.207169592380523682 -0.567188084125518799 0.496631860733032227 1.000000000000000000
0.436848700046539307 -0.149918124079704285 0.034294042736291885 1.000000000000000000
0.105372481048107147 -0.233111292123794556 -0.394380778074264526 1.000000000000000000
-0.100440010428428650 -0.013417607173323631 -0.734632194042205811 1.000000000000000000
0.150976151227951050 -0.651722371578216553 0.482080310583114624 1.000000000000000000
0.231308996677398682 -0.459515452384948730 0.265451908111572266 1.000000000000000000
-0.159403339028358459 -0.564348697662353516 0.311616569757461548 1.000000000000000000
0.034509304910898209 -0.325586974620819092 -0.510650217533111572 1.000000000000000000
-0.097263686358928680 -0.076481513679027557 -0.404866099357604980 1.000000000000000000
-0.135431289672851562 -0.787696421146392822 0.454690992832183838 1.000000000000000000
-0.161263823509216309 -0.696692526340484619 0.428876608610153198 1.000000000000000000
-0.062545366585254669 -0.513359725475311279 -0.195764750242233276 1.000000000000000000
-0.163477540016174316 -0.135377168655395508 -0.173025876283645630 1.000000000000000000
-0.244048312306404114 -0.175232440233230591 -0.633237183094024658 1.000000000000000000
-0.446963071823120117 -0.728941023349761963 0.475273132324218750 1.000000000000000000
-0.314787983894348145 -0.647898793220520020 0.351381361484527588 1.000000000000000000
-0.496311128139495850 -0.552090108394622803 0.026990523561835289 1.000000000000000000
-0.339968442916870117 -0.343226075172424316 -0.303519636392593384 1.000000000000000000
-0.409525454044342041 -0.038546606898307800 -0.310119897127151489 1.000000000000000000
-0.598560929298400879 -0.412418425083160400 0.448892325162887573 1.000000000000000000
-0.536148250102996826 -0.307163238525390625 0.364781320095062256 1.000000000000000000
-0.485090166330337524 -0.351027727127075195 0.063596710562705994 1.000000000000000000
-0.565127730369567871 -0.373611479997634888 -0.534726500511169434 1.000000000000000000
-0.445958763360977173 -0.300579667091369629 -0.491663902997970581 1.000000000000000000
-0.667190611362457275 -0.086615659296512604 0.528932273387908936 1.000000000000000000
-0.570756077766418457 -0.174430400133132935 0.386961489915847778 1.000000000000000000
-0.346309870481491089 0.077503636479377747 0.012395902536809444 1.000000000000000000
-0.930306553840637207 -0.089349113404750824 -0.438596189022064209 1.000000000000000000
-0.836646020412445068 -0.106442391872406006 -0.370087862014770508 1.000000000000000000
-0.643659949302673340 0.178249448537826538 0.554497003555297852 1.000000000000000000
-0.437117487192153931 0.112763598561286926 0.506395280361175537 1.000000000000000000
-0.445028007030487061 -0.104077540338039398 -0.068071156740188599 1.000000000000000000
-0.516830503940582275 0.253952175378799438 -0.561616957187652588 1.000000000000000000
-0.636258006095886230 0.322800606489181519 -0.613023757934570312 1.000000000000000000
-0.553739070892333984 0.404925942420959473 0.496551662683486938 1.000000000000000000
-0.137867942452430725 0.310037285089492798 0.567180156707763672 1.000000000000000000
-0.616263806819915771 -0.028834788128733635 0.096033535897731781 1.000000000000000000
-0.495576500892639160 0.519688129425048828 -0.456909298896789551 1.000000000000000000
-0.279224753379821777 0.299274444580078125 -0.218353748321533203 1.000000000000000000
-0.427866905927658081 0.583074629306793213 0.505424678325653076 1.000000000000000000
0.038074087351560593 0.194601625204086304 0.448912024497985840 1.000000000000000000
-0.431826055049896240 0.398133099079132080 -0.088715113699436188 1.000000000000000000
-0.593840062618255615 0.441691547632217407 0.203919991850852966 1.000000000000000000
-0.480189204216003418 0.452039480209350586 -0.219121232628822327 1.000000000000000000
-0.340769618749618530 0.630021631717681885 0.508214712142944336 1.000000000000000000
0.038892891258001328 0.274875044822692871 0.339898705482482910 1.000000000000000000
-0.365129888057708740 0.330380976200103760 0.061007276177406311 1.000000000000000000
-0.395363509654998779 0.612891793251037598 0.044909775257110596 1.000000000000000000
-0.476591050624847412 0.485792696475982666 -0.205026596784591675 1.000000000000000000
1
