# level 0 30
-18.564239501953125 -0.07958689332008362 7.877786159515381
-18.564239501953125 -0.07958689332008362 7.877786159515381
-18.564239501953125 -0.07958689332008362 7.877786159515381
-18.564239501953125 -0.07958689332008362 7.877786159515381
-18.564239501953125 -0.07958689332008362 7.877786159515381
-18.564239501953125 -0.07958689332008362 7.877786159515381
-18.564239501953125 -0.07958689332008362 7.877786159515381
-18.564239501953125 -0.07958689332008362 7.877786159515381
-18.564239501953125 -0.07958689332008362 7.877786159515381
-18.564239501953125 -0.07958689332008362 7.877786159515381
-18.564239501953125 -0.07958689332008362 7.877786159515381
-18.564239501953125 -0.07958689332008362 7.877786159515381
-18.564239501953125 -0.07958689332008362 7.877786159515381
-18.564239501953125 -0.07958689332008362 7.877786159515381
-18.564239501953125 -0.07958689332008362 7.877786159515381
-18.564239501953125 -0.07958689332008362 7.877786159515381
-18.564239501953125 -0.07958689332008362 7.877786159515381
-18.564239501953125 -0.07958689332008362 7.877786159515381
-18.564239501953125 -0.07958689332008362 7.877786159515381
-18.564239501953125 -0.07958689332008362 7.877786159515381
-18.564239501953125 -0.07958689332008362 7.877786159515381
-18.564239501953125 -0.07958689332008362 7.877786159515381
-18.564239501953125 -0.07958689332008362 7.877786159515381
-18.564239501953125 -0.07958689332008362 7.877786159515381
-18.564239501953125 -0.07958689332008362 7.877786159515381
-18.564239501953125 -0.07958689332008362 7.877786159515381
-18.564239501953125 -0.07958689332008362 7.877786159515381
-18.564239501953125 -0.07958689332008362 7.877786159515381
-18.564239501953125 -0.07958689332008362 7.877786159515381
-18.564239501953125 -0.07958689332008362 7.877786159515381
# level 1 37
-18.509750366210938 -0.263775110244751 8.053460121154785
-18.837749481201172 -0.17699040472507477 7.971895217895508
-18.838029861450195 -0.033022720366716385 7.667430877685547
-18.295270919799805 -0.2596125900745392 7.770356178283691
-19.036300659179688 -0.21877479553222656 7.831017971038818
-18.839099884033203 -0.3873494863510132 8.132955551147461
-18.359390258789062 -0.14357830584049225 7.552638053894043
-18.281949996948242 -0.4529167115688324 7.972120761871338
-18.43117904663086 -0.5411226749420166 8.175483703613281
-18.215499877929688 -0.3484269082546234 7.5340352058410645
-18.823820114135742 -0.13576370477676392 7.3731889724731445
-18.152950286865234 -0.5177453756332397 7.735212802886963
-18.5946102142334 -0.07554487884044647 7.411569118499756
-19.172950744628906 -0.42169189453125 7.855193138122559
-19.044370651245117 -0.24977390468120575 7.471942901611328
-18.943580627441406 -0.6172807812690735 8.19627857208252
-18.312210083007812 -0.2674869894981384 7.327146053314209
-18.59473991394043 -0.7070804834365845 8.316960334777832
-19.124719619750977 -0.5730562806129456 8.046573638916016
-18.251480102539062 -0.7405282855033875 8.101396560668945
-19.21030044555664 -0.4447624981403351 7.62635612487793
-18.636159896850586 -0.25064191222190857 7.238403797149658
-18.16766929626465 -0.5179461240768433 7.33609676361084
-18.377309799194336 -0.8524469137191772 8.26333999633789
-18.874210357666016 -0.3326244056224823 7.2319231033325195
-18.067699432373047 -0.7147371172904968 7.551558017730713
-19.073179244995117 -0.4488201141357422 7.323346138000488
-18.06848907470703 -0.8169127702713013 7.792953014373779
-18.9066104888916 -0.8346242904663086 8.2947998046875
-18.428890228271484 -0.42094680666923523 7.173410892486572
-19.1577091217041 -0.7942517995834351 8.118124008178711
-19.28158950805664 -0.7383654117584229 7.920642852783203
-18.156890869140625 -0.9985154867172241 8.087716102600098
-19.261510848999023 -0.671359121799469 7.466930866241455
-18.07455062866211 -0.7859839200973511 7.321850776672363
-18.19951057434082 -0.6493288278579712 7.144805908203125
-19.351280212402344 -0.8017758131027222 7.689085006713867
# level 2 37
-18.72995948791504 -0.6020777821540833 7.064243793487549
-18.459659576416016 -0.6898829936981201 7.050928115844727
-18.95490074157715 -0.6439492106437683 7.118217945098877
-19.138139724731445 -0.7170469760894775 7.243699073791504
-19.228200912475586 -1.0147759914398193 8.13565731048584
-17.998289108276367 -0.9820507764816284 7.520201206207275
-18.1572208404541 -0.9110726714134216 7.075843811035156
-19.374610900878906 -1.0249789953231812 7.898495197296143
-19.292919158935547 -0.9196643829345703 7.360719203948975
-19.407180786132812 -1.050847053527832 7.613376140594482
-17.995929718017578 -1.1226160526275635 7.785242080688477
-18.33289909362793 -1.1389570236206055 8.31286334991455
-18.018779754638672 -1.0772429704666138 7.243751049041748
-19.043689727783203 -0.8962615132331848 7.094696998596191
-18.81052017211914 -0.8726304769515991 6.993680953979492
-18.620399475097656 -1.1098790168762207 8.428107261657715
-19.02094078063965 -1.1690219640731812 8.327127456665039
-18.55997085571289 -0.967863917350769 6.9605560302734375
-18.039159774780273 -1.3111480474472046 8.003286361694336
-18.3316593170166 -1.0798009634017944 6.981545925140381
-19.187589645385742 -1.0938210487365723 7.15280818939209
-19.46162986755371 -1.2490689754486084 7.7294487953186035
-17.936189651489258 -1.3020230531692505 7.533728122711182
-18.212879180908203 -1.3656630516052246 8.261833190917969
-19.176570892333984 -1.3314820528030396 8.265307426452637
-19.399980545043945 -1.252040982246399 7.427321910858154
-17.967880249023438 -1.3135440349578857 7.256277084350586
-18.854150772094727 -1.1144540309906006 6.9506611824035645
-18.724950790405273 -1.3804080486297607 8.471473693847656
-19.357759475708008 -1.3783390522003174 8.08267879486084
-18.127370834350586 -1.2847789525985718 7.001007080078125
-18.46954917907715 -1.4108669757843018 8.45610237121582
-18.949119567871094 -1.408344030380249 8.411947250366211
-18.57794952392578 -1.2017379999160767 6.910905838012695
-17.945619583129883 -1.4781960248947144 7.825634002685547
-18.349679946899414 -1.3135579824447632 6.928431987762451
-17.899269104003906 -1.543637990951538 7.544191837310791
# level 3 37
-18.82158088684082 -1.3565709590911865 6.891770839691162
-19.216800689697266 -1.4047930240631104 7.10341215133667
-19.47028923034668 -1.4693399667739868 7.49781608581543
-18.005170822143555 -1.5300630331039429 7.022202968597412
-19.129600524902344 -1.5753220319747925 8.347949028015137
-19.37398910522461 -1.483814001083374 7.281129837036133
-18.309070587158203 -1.5962879657745361 6.894693851470947
-19.04166030883789 -1.479645013809204 6.950520038604736
-19.466779708862305 -1.5948530435562134 7.964292049407959
-18.590139389038086 -1.6012719869613647 6.847702980041504
-19.517900466918945 -1.5865139961242676 7.734655857086182
-17.91180992126465 -1.6887660026550293 7.2550129890441895
-17.921260833740234 -1.7081209421157837 7.8491950035095215
-18.85618019104004 -1.6584680080413818 8.481954574584961
-18.30023956298828 -1.6272239685058594 8.388518333435059
-19.361040115356445 -1.671852946281433 8.160070419311523
-18.10131072998047 -1.6488139629364014 8.193623542785645
-18.582910537719727 -1.6585040092468262 8.524399757385254
-17.959579467773438 -1.8093739748001099 7.036289215087891
-17.867340087890625 -1.894333004951477 7.679911136627197
-19.12812042236328 -1.7171189785003662 6.978407859802246
-17.86256980895996 -1.9110130071640015 7.407997131347656
-19.41840934753418 -1.7912410497665405 7.273087978363037
-19.13018035888672 -1.888877034187317 8.391860961914062
-18.500450134277344 -1.8514610528945923 6.819276809692383
-18.19717025756836 -1.869372010231018 8.338519096374512
-19.528480529785156 -1.8707749843597412 7.850729942321777
-19.422969818115234 -1.9043409824371338 8.11461353302002
-18.202529907226562 -1.915155053138733 6.886713981628418
-19.534439086914062 -1.8806840181350708 7.561277866363525
-18.636220932006836 -1.9429800510406494 8.560543060302734
-18.0002498626709 -1.9658819437026978 8.104881286621094
-18.826589584350586 -1.8659729957580566 6.822352886199951
-17.953039169311523 -2.049704074859619 6.98044490814209
-17.891279220581055 -2.124368906021118 7.890522003173828
-18.859609603881836 -2.0952579975128174 8.532952308654785
-19.20486068725586 -1.9876970052719116 7.001729965209961
# level 4 37
-19.469669342041016 -2.0321059226989746 7.326996803283691
-19.528099060058594 -2.1005730628967285 7.959765911102295
-18.392250061035156 -2.0863699913024902 6.811695098876953
-19.572769165039062 -2.100774049758911 7.697045803070068
-18.658899307250977 -2.060870885848999 6.795715808868408
-18.276729583740234 -2.074686050415039 8.432916641235352
-19.36893081665039 -2.163347005844116 8.239070892333984
-18.564239501953125 -2.1692121028900146 8.582427978515625
-18.971389770507812 -2.0809240341186523 6.851489067077637
-17.83201026916504 -2.177388906478882 7.544069766998291
-17.84830093383789 -2.211076021194458 7.30008602142334
-18.089319229125977 -2.235733985900879 6.8892598152160645
-18.094030380249023 -2.1702840328216553 8.269932746887207
-17.90372085571289 -2.2746779918670654 7.057880878448486
-19.369720458984375 -2.211160898208618 7.144719123840332
-19.179340362548828 -2.2597529888153076 8.406277656555176
-19.561189651489258 -2.239232063293457 7.4896931648254395
-18.748199462890625 -2.3136630058288574 8.580634117126465
-17.977039337158203 -2.3367300033569336 8.125560760498047
-18.317739486694336 -2.319852113723755 6.813488960266113
-19.519569396972656 -2.330349922180176 8.035877227783203
-17.849079132080078 -2.3987340927124023 7.815487861633301
-18.781160354614258 -2.2721331119537354 6.7757720947265625
-19.107759475708008 -2.315368890762329 6.889336109161377
-18.25507926940918 -2.3154408931732178 8.441482543945312
-18.969310760498047 -2.4295670986175537 8.526206016540527
-19.383630752563477 -2.4091238975524902 8.252944946289062
-17.977500915527344 -2.441946029663086 6.906483173370361
-19.602529525756836 -2.399354934692383 7.748292922973633
-19.47269058227539 -2.388370990753174 7.259988784790039
-18.559900283813477 -2.40392804145813 6.769505977630615
-17.813579559326172 -2.482693910598755 7.431166172027588
-18.09075927734375 -2.4691050052642822 8.300101280212402
-18.64767074584961 -2.5325520038604736 8.612532615661621
-17.84992027282715 -2.5167150497436523 7.181352138519287
-19.341590881347656 -2.4748640060424805 7.077460765838623
-19.198230743408203 -2.5374529361724854 8.419506072998047
# level 5 37
-19.5681095123291 -2.547410011291504 7.9451398849487305
-19.5757999420166 -2.505017042160034 7.47474479675293
-18.273910522460938 -2.5524520874023438 8.477167129516602
-18.233610153198242 -2.611924886703491 6.817732810974121
-19.617319107055664 -2.64042592048645 7.723628997802734
-19.181880950927734 -2.5594120025634766 6.927052021026611
-18.921180725097656 -2.6623239517211914 8.558473587036133
-17.919429779052734 -2.5821239948272705 8.049817085266113
-17.856000900268555 -2.7442328929901123 7.1038007736206055
-18.733619689941406 -2.634161949157715 6.751924991607666
-19.46208953857422 -2.7115368843078613 8.177070617675781
-17.800670623779297 -2.6758599281311035 7.596645832061768
-19.25605010986328 -2.7778830528259277 8.394043922424316
-18.961509704589844 -2.6283888816833496 6.805178165435791
-18.454059600830078 -2.720482110977173 6.751673221588135
-18.067840576171875 -2.7335360050201416 8.297040939331055
-19.401159286499023 -2.7322309017181396 7.128864765167236
-18.085830688476562 -2.7991230487823486 6.851325988769531
-19.567310333251953 -2.7381370067596436 7.420600891113281
-19.586109161376953 -2.7908029556274414 7.932509899139404
-17.828819274902344 -2.757517099380493 7.820422172546387
-17.80794906616211 -2.887226104736328 7.2819719314575195
-18.410280227661133 -2.8629090785980225 8.583765983581543
-18.890579223632812 -2.914361000061035 8.583166122436523
-19.112619400024414 -2.9430220127105713 8.49106216430664
-17.906709671020508 -2.9475579261779785 6.923150062561035
-17.921730041503906 -2.8600730895996094 8.088728904724121
-19.622909545898438 -2.9165329933166504 7.640820026397705
-19.351619720458984 -2.9782230854034424 8.324952125549316
-18.658430099487305 -2.977632999420166 8.638611793518066
-18.6270694732666 -2.9173169136047363 6.738781929016113
-18.198299407958984 -2.9447739124298096 8.444342613220215
-18.318740844726562 -2.968496084213257 6.772210121154785
-18.886730194091797 -2.9016940593719482 6.763185024261475
-19.239910125732422 -2.930022954940796 6.947702884674072
-17.784730911254883 -3.011662006378174 7.592779159545898
-19.55569076538086 -3.019908905029297 7.360191822052002
# level 6 37
-19.528779983520508 -3.0689809322357178 8.104379653930664
-19.644529342651367 -3.130955934524536 7.745794773101807
-18.040929794311523 -3.132214069366455 6.8487467765808105
-18.994789123535156 -3.1889541149139404 8.561016082763672
-17.786619186401367 -3.1065609455108643 7.369137763977051
-19.369949340820312 -3.1068010330200195 7.060760021209717
-19.23764991760254 -3.2303318977355957 8.437291145324707
-17.81730079650879 -3.062782049179077 7.830379009246826
-18.383939743041992 -3.1102089881896973 8.58311653137207
-18.46409034729004 -3.1841440200805664 6.730510234832764
-19.092090606689453 -3.125140905380249 6.826385021209717
-18.043989181518555 -3.093564987182617 8.29432201385498
-18.728750228881836 -3.168194055557251 6.726709842681885
-19.624839782714844 -3.2596209049224854 7.535223960876465
-18.59705924987793 -3.214824914932251 8.648096084594727
-17.905839920043945 -3.1275858879089355 8.081381797790527
-19.515710830688477 -3.2450358867645264 7.247279167175293
-19.60165023803711 -3.247431993484497 7.95764684677124
-17.816570281982422 -3.232211112976074 7.167660236358643
-19.485240936279297 -3.300503969192505 8.190947532653809
-18.165430068969727 -3.3298299312591553 6.803789138793945
-19.250980377197266 -3.2738840579986572 6.9394989013671875
-17.774070739746094 -3.295888900756836 7.5869340896606445
-17.900419235229492 -3.3447489738464355 6.894689083099365
-18.296140670776367 -3.331829071044922 8.537385940551758
-19.003129959106445 -3.427764892578125 8.567023277282715
-18.993370056152344 -3.3433640003204346 6.7831711769104
-18.5580997467041 -3.3967270851135254 6.721868991851807
-18.115989685058594 -3.342505931854248 8.387577056884766
-17.83007049560547 -3.320225954055786 7.9095659255981445
-19.39636993408203 -3.496335029602051 8.311739921569824
-19.499849319458008 -3.4789209365844727 7.207036018371582
-18.638660430908203 -3.459764003753662 8.657234191894531
-17.81909942626953 -3.4618310928344727 7.128265857696533
-19.603919982910156 -3.5102550983428955 7.427363872528076
-19.554420471191406 -3.513822078704834 8.093311309814453
-19.655160903930664 -3.525681972503662 7.722884178161621
# level 7 37
-19.197349548339844 -3.553757905960083 8.47139835357666
-18.783540725708008 -3.4831249713897705 6.715795993804932
-18.835250854492188 -3.594820022583008 8.627761840820312
-19.34140968322754 -3.4939780235290527 7.003468990325928
-17.895709991455078 -3.4739019870758057 8.085477828979492
-18.214990615844727 -3.555711030960083 8.485310554504395
-17.778949737548828 -3.5023770332336426 7.708845138549805
-18.160860061645508 -3.563462972640991 6.797934055328369
-17.767789840698242 -3.5297369956970215 7.435975074768066
-18.415510177612305 -3.622781991958618 8.61792278289795
-17.89872932434082 -3.6138789653778076 6.876583099365234
-19.566560745239258 -3.7702829837799072 8.086170196533203
-19.61305046081543 -3.776890993118286 7.432150840759277
-19.38995933532715 -3.7537550926208496 8.325968742370605
-19.054340362548828 -3.7270350456237793 8.552179336547852
-19.39936065673828 -3.7194430828094482 7.0686187744140625
-19.651580810546875 -3.81699800491333 7.811773777008057
-18.89837074279785 -3.6891989707946777 6.739316940307617
-18.01119041442871 -3.694938898086548 8.281275749206543
-19.19831085205078 -3.7106049060821533 6.882153034210205
-17.836849212646484 -3.7816739082336426 7.037130832672119
-18.271469116210938 -3.7759809494018555 6.759243011474609
-17.870309829711914 -3.718485116958618 8.04522705078125
-18.551109313964844 -3.789621114730835 6.712308883666992
-18.814849853515625 -3.857335090637207 8.6400785446167
-17.760080337524414 -3.785149097442627 7.493418216705322
-17.780380249023438 -3.834182024002075 7.262775897979736
-18.00749969482422 -3.8382511138916016 6.837615013122559
-17.779050827026367 -3.7911429405212402 7.748031139373779
-18.342180252075195 -3.850538969039917 8.583154678344727
-19.61492919921875 -3.983412027359009 7.986745834350586
-19.16657066345215 -3.956979990005493 8.498002052307129
-19.524389266967773 -3.933861017227173 7.222516059875488
-19.65319061279297 -3.996351957321167 7.615739822387695
-19.36227035522461 -4.007270812988281 8.356404304504395
-18.799489974975586 -3.914900064468384 6.705732822418213
-19.382169723510742 -3.986668109893799 7.038416862487793
# level 8 37
-17.857999801635742 -3.950181007385254 8.028802871704102
-18.89196014404297 -4.075428009033203 8.619293212890625
-17.758350372314453 -4.0186967849731445 7.605991840362549
-18.28207015991211 -4.025889873504639 6.75120210647583
-18.5631103515625 -4.027773857116699 6.707859039306641
-17.761890411376953 -4.054350852966309 7.376278877258301
-18.555330276489258 -4.015607833862305 8.669183731079102
-17.977420806884766 -3.9446070194244385 8.24381160736084
-19.660749435424805 -4.176212787628174 7.799839973449707
-17.929269790649414 -4.0989861488342285 6.856574058532715
-17.817949295043945 -4.094942092895508 7.079474925994873
-19.140810012817383 -4.032857894897461 6.82893705368042
-19.579389572143555 -4.172461032867432 7.338757038116455
-19.459819793701172 -4.186266899108887 7.133081912994385
-19.524860382080078 -4.272397041320801 8.168624877929688
-18.127790451049805 -4.074464797973633 8.422956466674805
-18.337139129638672 -4.124989986419678 8.58552360534668
-17.790210723876953 -4.114528179168701 7.828800201416016
-18.939010620117188 -4.157167911529541 6.745140075683594
-18.666330337524414 -4.231009006500244 8.672993659973145
-19.124849319458008 -4.361790180206299 8.526354789733887
-17.77845001220703 -4.264761924743652 7.238773822784424
-18.137550354003906 -4.258327007293701 6.79145622253418
-19.650150299072266 -4.38627815246582 7.545098781585693
-18.872610092163086 -4.340619087219238 8.629379272460938
-19.614580154418945 -4.434502124786377 8.015043258666992
-17.98504066467285 -4.212073802947998 8.260375022888184
-17.91135025024414 -4.330626010894775 6.858954906463623
-19.426530838012695 -4.467658996582031 8.308649063110352
-19.28006935119629 -4.382620811462402 6.934147834777832
-18.84079933166504 -4.3707499504089355 6.707626819610596
-19.503599166870117 -4.47844123840332 7.184325218200684
-17.752300262451172 -4.389665126800537 7.446976184844971
-17.81882095336914 -4.34368896484375 7.938700199127197
-18.276140213012695 -4.358761787414551 8.548737525939941
-18.50217056274414 -4.410006046295166 6.704162120819092
-17.809850692749023 -4.449915885925293 7.0937018394470215
# level 9 36
-17.76711082458496 -4.597259044647217 7.288904190063477
-17.76243019104004 -4.506889820098877 7.704189777374268
-18.26862907409668 -4.492484092712402 6.749392032623291
-18.08466911315918 -4.406407833099365 8.384255409240723
-18.628219604492188 -4.467779159545898 8.67611026763916
-17.901330947875977 -4.631935119628906 6.85928201675415
-17.87442970275879 -4.52672004699707 8.079444885253906
-17.74909019470215 -4.653307914733887 7.517951011657715
-19.058839797973633 -4.5129170417785645 6.783977031707764
-19.601490020751953 -4.5625 7.379532814025879
-17.81352996826172 -4.725088119506836 7.071959018707275
-19.165719985961914 -4.6079020500183105 8.507096290588379
-19.670799255371094 -4.590620994567871 7.774444103240967
-19.37980079650879 -4.636788845062256 7.024012088775635
-18.726940155029297 -4.623843193054199 6.698855876922607
-18.443559646606445 -4.648468971252441 6.7033281326293945
-19.6147403717041 -4.669793128967285 8.022403717041016
-18.937299728393555 -4.654584884643555 8.610708236694336
-18.41097068786621 -4.656973838806152 8.632699966430664
-18.0274600982666 -4.6429219245910645 8.32189655303955
-18.174409866333008 -4.728602886199951 6.776130199432373
-19.476049423217773 -4.719762802124023 8.254023551940918
-17.778240203857422 -4.737783908843994 7.803173065185547
-17.756349563598633 -4.822632789611816 7.358745098114014
-19.555940628051758 -4.773705005645752 7.272615909576416
-18.191619873046875 -4.710794925689697 8.488115310668945
-18.663299560546875 -4.729741096496582 8.678107261657715
-19.656360626220703 -4.761271953582764 7.574116230010986
-19.063989639282227 -4.75194787979126 6.784173011779785
-17.85059928894043 -4.787172794342041 8.031879425048828
-17.921140670776367 -4.9041290283203125 6.851850986480713
-19.40760040283203 -4.86690616607666 7.057722091674805
-17.753360748291016 -4.9359049797058105 7.642934799194336
-17.821189880371094 -4.999629020690918 7.043083190917969
-18.515350341796875 -4.921217918395996 6.70084810256958
-19.346139907836914 -4.918642997741699 8.381630897521973
# level 10 37
-17.749990463256836 -5.054234027862549 7.429711818695068
-17.79500961303711 -4.976056098937988 7.87523889541626
-18.21154022216797 -4.978715896606445 6.763832092285156
-18.29553985595703 -4.930950164794922 8.56682014465332
-18.820899963378906 -4.905844211578369 8.65058422088623
-17.805110931396484 -5.238292217254639 7.097830772399902
-17.986469268798828 -5.17779016494751 6.831354141235352
-18.830400466918945 -4.912792205810547 6.700243949890137
-17.757930755615234 -5.191884994506836 7.689352989196777
-18.506370544433594 -4.977609157562256 8.66866683959961
-18.044429779052734 -4.995510101318359 8.344327926635742
-19.676700592041016 -4.927373886108398 7.743028163909912
-19.55402946472168 -5.008519172668457 7.265974044799805
-19.05554962158203 -4.934950828552246 8.567436218261719
-19.085050582885742 -4.998523235321045 6.790651798248291
-17.916589736938477 -5.1347198486328125 8.165053367614746
-18.591320037841797 -5.151305198669434 6.6990132331848145
-19.278179168701172 -5.0665178298950195 6.927818775177002
-17.756999969482422 -5.314180850982666 7.343258857727051
-18.30491065979004 -5.211634159088135 6.7351179122924805
-19.61414909362793 -5.044500827789307 8.03237247467041
-17.825340270996094 -5.260260105133057 7.970932960510254
-19.427709579467773 -5.185667037963867 8.312091827392578
-19.487869262695312 -5.210410118103027 7.159036159515381
-17.87994956970215 -5.395023822784424 6.8754448890686035
-18.829050064086914 -5.1844282150268555 6.699030876159668
-19.664640426635742 -5.185111999511719 7.6335248947143555
-19.179729461669922 -5.192659854888916 8.502354621887207
-18.634950637817383 -5.197558879852295 8.67972183227539
-18.158239364624023 -5.398622035980225 6.779220104217529
-18.935609817504883 -5.210302829742432 8.613471031188965
-17.748550415039062 -5.450438976287842 7.579497814178467
-18.335039138793945 -5.2596211433410645 8.592930793762207
-19.122669219970703 -5.24363899230957 6.803733825683594
-18.075780868530273 -5.294489860534668 8.38071346282959
-19.35753059387207 -5.311674118041992 6.991888999938965
-17.914100646972656 -5.3954057693481445 8.161226272583008
# level 11 37
-17.763229370117188 -5.563413143157959 7.2977519035339355
-17.80183982849121 -5.515330791473389 7.900144100189209
-17.8402099609375 -5.6201958656311035 6.981770992279053
-18.196800231933594 -5.457283973693848 8.494572639465332
-18.393339157104492 -5.521401882171631 6.7081379890441895
-18.708070755004883 -5.43996000289917 6.696775913238525
-18.027690887451172 -5.561584949493408 8.325666427612305
-18.529260635375977 -5.457417964935303 8.67539119720459
-17.748409271240234 -5.709712028503418 7.577694892883301
-18.191070556640625 -5.63709020614624 6.7692108154296875
-19.041719436645508 -5.486800193786621 6.774509906768799
-19.09398078918457 -5.43657112121582 8.548088073730469
-17.88054084777832 -5.6924638748168945 8.099432945251465
-19.628450393676758 -5.289534091949463 7.971848011016846
-19.2637996673584 -5.545979022979736 6.9156928062438965
-17.778440475463867 -5.730884075164795 7.81087589263916
-19.649250030517578 -5.381190776824951 7.499143123626709
-17.98179054260254 -5.750068187713623 6.832399845123291
-18.841100692749023 -5.54204797744751 8.645208358764648
-19.380979537963867 -5.429654121398926 8.35281753540039
-19.43316078186035 -5.56594181060791 7.088527202606201
-19.67803955078125 -5.3996992111206055 7.746679782867432
-19.530540466308594 -5.425734996795654 8.17045783996582
-18.166370391845703 -5.706161975860596 8.468831062316895
-19.562700271606445 -5.5584611892700195 7.284032821655273
-17.752580642700195 -5.867297172546387 7.389336109161377
-18.535289764404297 -5.717227935791016 6.699540138244629
-18.01589012145996 -5.831714153289795 8.31180191040039
-17.821569442749023 -5.9124531745910645 7.0395379066467285
-18.81549072265625 -5.732611179351807 6.694952011108398
-18.38467025756836 -5.765785217285156 8.62246322631836
-19.6264591217041 -5.539601802825928 7.981298923492432
-18.646329879760742 -5.743968963623047 8.680204391479492
-17.764310836791992 -5.957403182983398 7.736135005950928
-19.65719985961914 -5.617516994476318 7.566681861877441
-18.360990524291992 -5.891818046569824 6.717889785766602
-19.043819427490234 -5.729701042175293 8.574758529663086
# level 12 35
-17.883670806884766 -5.978109836578369 8.106088638305664
-18.141080856323242 -5.97526216506958 6.784296989440918
-18.252479553222656 -5.962011814117432 8.538025856018066
-17.769819259643555 -6.064266204833984 7.252974987030029
-17.747669219970703 -6.1226677894592285 7.561882972717285
-19.4743595123291 -5.678171157836914 8.2603178024292
-18.53350067138672 -5.951014995574951 8.676555633544922
-19.300769805908203 -5.8019280433654785 6.945061206817627
-19.26024055480957 -5.726720809936523 8.45722484588623
-19.103530883789062 -5.830236911773682 6.796498775482178
-17.814559936523438 -6.147479057312012 7.940311908721924
-18.557710647583008 -6.042994022369385 6.6991682052612305
-19.676240921020508 -5.7813720703125 7.730287075042725
-19.593900680541992 -5.778873920440674 8.069437026977539
-19.59609031677246 -5.815755844116211 7.359982967376709
-18.013919830322266 -6.14760684967041 8.309303283691406
-17.872100830078125 -6.162386894226074 6.895627975463867
-18.799530029296875 -5.970192909240723 8.655564308166504
-18.917339324951172 -5.990177154541016 6.7301459312438965
-19.49036979675293 -5.922587871551514 7.161791801452637
-18.394210815429688 -6.221710205078125 6.707859039306641
-18.38096046447754 -6.160376071929932 8.620648384094238
-17.79262924194336 -6.280649185180664 7.14462423324585
-19.407590866088867 -5.900710105895996 8.32992935180664
-19.127859115600586 -6.0290069580078125 8.530218124389648
-17.76228904724121 -6.367290019989014 7.724792957305908
-19.219680786132812 -6.0583271980285645 6.880591869354248
-18.196510314941406 -6.299342155456543 8.494421005249023
-18.091230392456055 -6.3473310470581055 6.799348831176758
-17.847169876098633 -6.3786702156066895 8.027125358581543
-17.747480392456055 -6.418457984924316 7.482102870941162
-19.678319931030273 -6.026484966278076 7.748213768005371
-18.828340530395508 -6.206048011779785 8.649468421936035
-18.850749969482422 -6.2170000076293945 6.706416130065918
-17.865570068359375 -6.397540092468262 6.912644863128662
# level 13 37
-18.039499282836914 -6.379007816314697 8.339591979980469
-18.59964942932129 -6.310153007507324 8.679572105407715
-19.556989669799805 -6.068606853485107 8.128385543823242
-17.77189064025879 -6.517459869384766 7.242680072784424
-19.399309158325195 -6.122519016265869 7.0451531410217285
-18.613460540771484 -6.307545185089111 6.698256015777588
-18.379749298095703 -6.407211780548096 8.62005615234375
-19.089069366455078 -6.238976001739502 6.791346073150635
-19.57731056213379 -6.092578887939453 7.317255020141602
-19.075180053710938 -6.256579875946045 8.558138847351074
-17.92276954650879 -6.5441718101501465 8.177058219909668
-19.36138916015625 -6.183667182922363 8.369840621948242
-19.637609481811523 -6.170466899871826 7.932582855224609
-17.78046989440918 -6.642391204833984 7.819151878356934
-18.08506965637207 -6.593049049377441 6.801210880279541
-17.74898910522461 -6.669837951660156 7.590187072753906
-18.23621940612793 -6.564136028289795 8.526002883911133
-18.315309524536133 -6.548361778259277 6.731681823730469
-19.665010452270508 -6.2666192054748535 7.633738040924072
-17.851709365844727 -6.694775104522705 6.948784828186035
-18.79636001586914 -6.491422176361084 8.656133651733398
-19.36029052734375 -6.355358123779297 6.995183944702148
-18.0531005859375 -6.645877838134766 8.3555908203125
-17.781909942626953 -6.755363941192627 7.192827224731445
-18.578950881958008 -6.570052146911621 6.698821067810059
-19.60045051574707 -6.323751926422119 7.369888782501221
-18.53360939025879 -6.597846984863281 8.676584243774414
-18.82202911376953 -6.559298992156982 6.6961798667907715
-19.26559066772461 -6.396749973297119 8.452603340148926
-19.557979583740234 -6.384612083435059 8.126800537109375
-17.75031089782715 -6.840068817138672 7.418185234069824
-17.82539939880371 -6.845427989959717 7.9715681076049805
-19.06052017211914 -6.583937168121338 6.781169891357422
-18.075149536132812 -6.835934162139893 6.804207801818848
-17.756309509277344 -6.908751010894775 7.677505016326904
-17.96661949157715 -6.844929218292236 8.245420455932617
-19.655290603637695 -6.4804768562316895 7.855166912078857
# level 14 32
-18.20840072631836 -6.833212852478027 8.503873825073242
-18.818559646606445 -6.727743148803711 8.652149200439453
-17.830989837646484 -6.936301231384277 7.010324954986572
-18.48543930053711 -6.851933002471924 8.664093017578125
-19.51190948486328 -6.529672145843506 7.189367771148682
-19.35930061340332 -6.605405807495117 8.371648788452148
-19.066740036010742 -6.66273307800293 8.562610626220703
-19.655860900878906 -6.528771877288818 7.555016994476318
-17.886049270629883 -7.0468950271606445 8.110824584960938
-18.379600524902344 -6.864287853240967 6.712268829345703
-19.34225082397461 -6.638885974884033 6.978044033050537
-19.518230438232422 -6.61650276184082 8.190267562866211
-17.74720001220703 -7.127532005310059 7.551884174346924
-17.789960861206055 -7.154932022094727 7.857762813568115
-17.763330459594727 -7.132181167602539 7.296905994415283
-19.63763999938965 -6.706791877746582 7.932443141937256
-17.99641990661621 -7.0893330574035645 6.827980995178223
-18.210220336914062 -7.072272777557373 8.505325317382812
-18.621929168701172 -6.915531158447266 6.698116779327393
-19.206369400024414 -6.797368049621582 6.870016098022461
-18.003950119018555 -7.173357009887695 8.295877456665039
-18.698049545288086 -6.984200954437256 8.673785209655762
-19.229650497436523 -6.816985130310059 8.476265907287598
-19.672800064086914 -6.7596869468688965 7.700739860534668
-18.448049545288086 -7.097002983093262 8.653465270996094
-18.881160736083984 -6.974926948547363 6.7172532081604
-17.85409927368164 -7.2461838722229 6.9425530433654785
-19.539539337158203 -6.781599998474121 7.231304168701172
-17.861839294433594 -7.299191951751709 8.059708595275879
-19.63865089416504 -6.8209919929504395 7.45681095123291
-19.47426986694336 -6.882513999938965 8.260473251342773
-17.75135040283203 -7.350743770599365 7.405054092407227
# level 15 31
-17.78874969482422 -7.338119029998779 7.159460067749023
-18.937999725341797 -7.066515922546387 8.612982749938965
-17.75942039489746 -7.399608135223389 7.705460071563721
-18.71932029724121 -7.221593856811523 8.669965744018555
-19.60441017150879 -6.931387901306152 8.052658081054688
-19.342029571533203 -7.028063774108887 8.38656997680664
-18.062129974365234 -7.328771114349365 6.808137893676758
-18.217119216918945 -7.39515495300293 8.510814666748047
-19.43376922607422 -6.992400169372559 7.089295864105225
-17.922409057617188 -7.5018439292907715 8.176397323608398
-18.384559631347656 -7.22048807144165 6.710771083831787
-18.536680221557617 -7.373310089111328 8.677380561828613
-17.74677085876465 -7.554189205169678 7.524847030639648
-19.660289764404297 -7.029668807983398 7.833302021026611
-19.272539138793945 -7.051952838897705 6.922616004943848
-19.569259643554688 -7.059732913970947 7.298931121826172
-17.794410705566406 -7.5586771965026855 7.875827789306641
-17.84865951538086 -7.515994071960449 6.9567179679870605
-19.65390968322754 -7.117782115936279 7.538288116455078
-18.669700622558594 -7.259635925292969 6.6973347663879395
-17.7631893157959 -7.62965202331543 7.297921180725098
-18.966440200805664 -7.337370872497559 8.603521347045898
-19.13035011291504 -7.211692810058594 6.809579849243164
-19.609220504760742 -7.202607154846191 8.044974327087402
-19.404659271240234 -7.291121006011963 8.332462310791016
-18.896699905395508 -7.332418918609619 6.7227911949157715
-18.360130310058594 -7.588269233703613 8.608369827270508
-19.222049713134766 -7.351594924926758 8.48029613494873
-18.33333969116211 -7.475790023803711 6.726236820220947
-18.061330795288086 -7.673131942749023 8.36528205871582
-19.373369216918945 -7.250020980834961 7.011925220489502
# level 16 30
-19.67732048034668 -7.298683166503906 7.739642143249512
-19.53516960144043 -7.417734146118164 8.163229942321777
-17.820449829101562 -7.7772440910339355 7.958870887756348
-18.623939514160156 -7.6457061767578125 8.679903030395508
-18.878360748291016 -7.5666351318359375 8.632824897766113
-17.924070358276367 -7.771791934967041 8.179402351379395
-17.807960510253906 -7.781497001647949 7.086029052734375
-19.130109786987305 -7.562687873840332 8.529023170471191
-19.554819107055664 -7.368415832519531 7.266061782836914
-19.36886978149414 -7.522575855255127 8.363383293151855
-17.74802017211914 -7.8776631355285645 7.569371223449707
-19.164640426635742 -7.453742980957031 6.836835861206055
-18.620349884033203 -7.4933671951293945 6.698143005371094
-18.242639541625977 -7.7786478996276855 8.531106948852539
-17.7631893157959 -7.903313159942627 7.297884941101074
-17.89975929260254 -7.784854888916016 6.857170104980469
-19.42608070373535 -7.48113489151001 7.07944393157959
-18.20306968688965 -7.706981182098389 6.7655768394470215
-18.42620086669922 -7.701316833496094 6.701322078704834
-19.66781997680664 -7.526774883270264 7.800326824188232
-18.07111930847168 -7.9205451011657715 8.376131057739258
-18.860580444335938 -7.597064018249512 6.709918022155762
-18.47216033935547 -7.8506340980529785 8.660650253295898
-18.784839630126953 -7.820009231567383 8.658203125
-17.77703094482422 -7.98755407333374 7.8051629066467285
-19.65057945251465 -7.56915283203125 7.509589195251465
-17.807619094848633 -8.024880409240723 7.087357044219971
-17.86673927307129 -8.0404691696167 8.070117950439453
-19.628870010375977 -7.689627170562744 7.9708051681518555
-19.49163055419922 -7.751674175262451 8.232748031616211
# level 17 30
-17.752260208129883 -8.128679275512695 7.393394947052002
-19.097700119018555 -7.841062068939209 8.54620361328125
-19.325929641723633 -7.825647830963135 8.400479316711426
-18.296730041503906 -8.043827056884766 8.568828582763672
-18.645919799804688 -7.814119815826416 6.697723865509033
-18.095600128173828 -7.987459182739258 6.798029899597168
-18.329090118408203 -7.922389984130859 6.727520942687988
-17.88365936279297 -8.110947608947754 6.865481853485107
-19.41153907775879 -7.735283851623535 7.060816764831543
-19.02692985534668 -7.784445762634277 6.769200801849365
-17.960250854492188 -8.202930450439453 8.235527992248535
-19.677379608154297 -7.836369037628174 7.758482933044434
-19.59231948852539 -7.757460117340088 7.351385116577148
-18.52931022644043 -8.103252410888672 8.675469398498535
-18.967330932617188 -8.027776718139648 8.603225708007812
-19.61370086669922 -7.945432186126709 8.03720760345459
-17.81553077697754 -8.262682914733887 7.058247089385986
-17.751590728759766 -8.310769081115723 7.635035991668701
-19.26194953918457 -7.840548992156982 6.91420316696167
-18.850269317626953 -7.935225009918213 6.706242084503174
-18.76338005065918 -8.167369842529297 8.662055015563965
-18.209789276123047 -8.281351089477539 8.504980087280273
-19.652769088745117 -7.935654163360596 7.528430938720703
-19.374319076538086 -8.070901870727539 8.35867691040039
-17.840290069580078 -8.382068634033203 8.009564399719238
-17.75274085998535 -8.378660202026367 7.387275218963623
-18.09398078918457 -8.225323677062988 6.798517227172852
-19.17729949951172 -8.122309684753418 8.504014015197754
-18.048179626464844 -8.393512725830078 8.349800109863281
-17.899450302124023 -8.350746154785156 6.857262134552002
# level 18 32
-17.805299758911133 -8.4995698928833 7.096208095550537
-18.502399444580078 -8.14177131652832 6.700074195861816
-18.508459091186523 -8.35093879699707 8.670061111450195
-19.030580520629883 -8.328592300415039 8.581775665283203
-19.554140090942383 -8.16379165649414 8.132923126220703
-18.748470306396484 -8.15679931640625 6.696044921875
-18.170459747314453 -8.4695463180542 6.775424957275391
-17.748210906982422 -8.563721656799316 7.5734710693359375
-18.733980178833008 -8.427358627319336 8.667333602905273
-19.39543914794922 -7.986238956451416 7.040205955505371
-18.188859939575195 -8.55062198638916 8.488329887390137
-19.675899505615234 -8.072335243225098 7.7274169921875
-19.5410099029541 -7.9720458984375 7.23464298248291
-17.976959228515625 -8.585348129272461 6.833856105804443
-17.7773494720459 -8.579263687133789 7.806453227996826
-19.227970123291016 -8.103140830993652 6.887188911437988
-18.432859420776367 -8.398228645324707 6.7012128829956055
-18.02337074279785 -8.664667129516602 8.320603370666504
-17.764440536499023 -8.691079139709473 7.288973808288574
-19.237390518188477 -8.442177772521973 8.472161293029785
-18.381229400634766 -8.585577011108398 8.620780944824219
-19.652109146118164 -8.20565414428711 7.522747039794922
-18.92630958557129 -8.563740730285645 8.616872787475586
-19.434009552001953 -8.450251579284668 8.307103157043457
-17.89897918701172 -8.743032455444336 8.134147644042969
-18.958829879760742 -8.333552360534668 6.744932174682617
-19.489940643310547 -8.198403358459473 7.161241054534912
-18.62615966796875 -8.650835037231445 8.679932594299316
-17.81024932861328 -8.800994873046875 7.077290058135986
-17.74673080444336 -8.798770904541016 7.527444839477539
-18.704999923706055 -8.446715354919434 6.696756839752197
-18.328189849853516 -8.640411376953125 6.727794170379639
# level 19 30
-19.35481071472168 -8.295499801635742 6.988164901733398
-18.145870208740234 -8.80245304107666 6.7828497886657715
-19.09210968017578 -8.71859359741211 8.549164772033691
-17.789430618286133 -8.815255165100098 7.8556132316589355
-17.87129020690918 -8.9391450881958 6.897736072540283
-19.675230026245117 -8.376388549804688 7.721645832061768
-18.57564926147461 -8.76517391204834 6.698873996734619
-19.62598991394043 -8.434443473815918 7.983445167541504
-18.8770809173584 -8.660445213317871 6.715798854827881
-18.883289337158203 -8.854612350463867 8.631187438964844
-18.122299194335938 -8.8992338180542 8.428898811340332
-19.327899932861328 -8.706425666809082 8.398775100708008
-17.7502498626709 -9.016064643859863 7.617277145385742
-19.129350662231445 -8.553329467773438 6.808781147003174
-19.56930923461914 -8.461347579956055 7.2990498542785645
-17.754289627075195 -9.055961608886719 7.367642879486084
-18.485689163208008 -8.934865951538086 8.664156913757324
-17.817739486694336 -9.121977806091309 7.051408767700195
-17.968870162963867 -9.00955581665039 8.248617172241211
-18.130840301513672 -9.041036605834961 6.787388801574707
-18.461360931396484 -8.96753215789795 6.700746059417725
-17.84225082397461 -9.056514739990234 8.014572143554688
-19.65089988708496 -8.579662322998047 7.512357234954834
-19.535869598388672 -8.750186920166016 8.162101745605469
-19.64900016784668 -8.683059692382812 7.882731914520264
-18.732749938964844 -9.076045989990234 8.667555809020996
-19.063650131225586 -9.039373397827148 8.564249038696289
-18.110179901123047 -9.135952949523926 8.416403770446777
-17.776079177856445 -9.208847999572754 7.798219203948975
-19.54591941833496 -8.700873374938965 7.245811939239502
# level 20 30
-17.775659561157227 -9.282840728759766 7.231785774230957
-17.748619079589844 -9.300792694091797 7.546844005584717
-18.30518913269043 -9.155508995056152 8.574438095092773
-17.854379653930664 -9.308212280273438 8.03983211517334
-19.39253044128418 -8.721979141235352 7.036468982696533
-18.321950912475586 -9.208407402038574 6.730504989624023
-17.97532081604004 -9.288524627685547 6.836061954498291
-18.986120223999023 -8.898239135742188 6.754655838012695
-19.63743019104004 -8.838460922241211 7.454038143157959
-18.025009155273438 -9.339900970458984 8.319331169128418
-19.371320724487305 -9.039095878601074 8.361263275146484
-19.19552993774414 -8.850120544433594 6.861395835876465
-19.616310119628906 -8.934117317199707 8.025812149047852
-19.12701988220215 -9.289441108703613 8.528762817382812
-17.78421974182129 -9.476602554321289 7.820373058319092
-18.4935302734375 -9.329635620117188 8.663930892944336
-18.731630325317383 -9.361661911010742 8.665207862854004
-19.511119842529297 -8.95595645904541 7.188365936279297
-18.857999801635742 -9.131418228149414 6.709000110626221
-18.17694091796875 -9.398763656616211 6.776390075683594
-19.67144012451172 -9.016393661499023 7.784486770629883
-18.191499710083008 -9.453719139099121 8.486197471618652
-17.762439727783203 -9.527689933776855 7.332305908203125
-18.657150268554688 -9.298871994018555 6.6992340087890625
-19.357389450073242 -8.995567321777344 6.991458892822266
-19.488569259643555 -9.197709083557129 8.236308097839355
-17.922609329223633 -9.555052757263184 8.168214797973633
-19.326229095458984 -9.278473854064941 8.398150444030762
-19.117219924926758 -9.133794784545898 6.801383018493652
-18.4294490814209 -9.453103065490723 6.704538822174072
# level 21 30
-17.814210891723633 -9.687503814697266 7.921331882476807
-17.832969665527344 -9.57949447631836 7.019734859466553
-17.751989364624023 -9.665335655212402 7.541752815246582
-18.920730590820312 -9.489489555358887 8.614665985107422
-18.067480087280273 -9.692010879516602 8.363861083984375
-18.946760177612305 -9.365592956542969 6.743144989013672
-19.38330078125 -9.22928237915039 7.026247978210449
-18.247779846191406 -9.62930965423584 6.757535934448242
-18.630149841308594 -9.57168197631836 6.702466011047363
-17.900949478149414 -9.791783332824707 8.124359130859375
-19.653900146484375 -9.161153793334961 7.540757179260254
-19.1701602935791 -9.369959831237793 6.844295978546143
-18.33530044555664 -9.679842948913574 8.586539268493652
-18.02103042602539 -9.674967765808105 6.826509952545166
-19.157440185546875 -9.558621406555176 8.509361267089844
-19.565919876098633 -9.238243103027344 7.294036865234375
-18.567319869995117 -9.663773536682129 8.67320728302002
-19.648359298706055 -9.271769523620605 7.878734111785889
-17.773099899291992 -9.846906661987305 7.745755195617676
-17.803049087524414 -9.820222854614258 7.1333231925964355
-19.377389907836914 -9.588334083557129 8.349528312683105
-17.75783920288086 -9.878792762756348 7.418209075927734
-18.933799743652344 -9.601672172546387 6.741082191467285
-19.60498046875 -9.483787536621094 8.04455280303955
-18.973209381103516 -9.743232727050781 8.59430980682373
-19.457189559936523 -9.463239669799805 7.124755859375
-19.190099716186523 -9.609283447265625 6.863254070281982
-19.66172981262207 -9.435011863708496 7.633465766906738
-18.220279693603516 -9.910223960876465 6.768930912017822
-18.131290435791016 -9.979272842407227 8.425374031066895
# level 22 30
-17.912630081176758 -10.050760269165039 8.140178680419922
-18.823070526123047 -9.810837745666504 6.703887939453125
-19.60334014892578 -9.497795104980469 7.385901927947998
-17.99432945251465 -9.93801498413086 6.837470054626465
-18.46118927001953 -9.916589736938477 8.64879322052002
-18.563579559326172 -9.884048461914062 6.706748962402344
-19.229679107666016 -9.799453735351562 8.468143463134766
-19.35487937927246 -9.755998611450195 6.9985671043396
-18.78986930847168 -9.879770278930664 8.648974418640137
-19.129199981689453 -9.844731330871582 6.81789493560791
-17.785160064697266 -10.062640190124512 7.2254509925842285
-17.821109771728516 -10.105790138244629 7.929597854614258
-17.768259048461914 -10.13074016571045 7.696275234222412
-19.53727912902832 -9.666955947875977 7.2399492263793945
-17.848060607910156 -10.047109603881836 6.989260196685791
-19.411819458007812 -9.815918922424316 8.316535949707031
-18.051469802856445 -10.181320190429688 8.337448120117188
-19.628450393676758 -9.7064208984375 7.944667816162109
-17.75901985168457 -10.185720443725586 7.442739009857178
-18.331090927124023 -10.105250358581543 8.57870864868164
-18.398239135742188 -10.140170097351074 6.717720985412598
-19.662830352783203 -9.741461753845215 7.671268939971924
-19.556289672851562 -9.861177444458008 8.114561080932617
-18.976049423217773 -10.03695011138916 6.760851860046387
-19.16316032409668 -10.053600311279297 8.500303268432617
-18.72784996032715 -10.080439567565918 6.706067085266113
-18.13886070251465 -10.222100257873535 6.796950817108154
-18.890300750732422 -10.123669624328613 8.617555618286133
-18.642269134521484 -10.14603042602539 8.668840408325195
-19.50943946838379 -9.906869888305664 7.199029922485352
# level 23 30
-19.364070892333984 -10.025569915771484 7.014800071716309
-18.876590728759766 -10.26196002960205 6.72784423828125
-17.844959259033203 -10.279999732971191 7.009181022644043
-19.380149841308594 -10.088319778442383 8.340003967285156
-19.14974021911621 -10.211549758911133 6.838977813720703
-18.62957000732422 -10.332799911499023 6.715484142303467
-17.794979095458984 -10.356430053710938 7.229351043701172
-17.99180030822754 -10.38821029663086 8.242210388183594
-19.64327049255371 -9.99308967590332 7.526352882385254
-19.65962028503418 -9.99740982055664 7.794021129608154
-18.40644073486328 -10.369150161743164 8.608366012573242
-17.772579193115234 -10.427570343017578 7.54262113571167
-18.01435089111328 -10.426509857177734 6.851171016693115
-19.477069854736328 -10.169779777526855 7.161917209625244
-18.96656036376953 -10.370960235595703 8.579842567443848
-18.740619659423828 -10.402310371398926 8.639715194702148
-17.80072021484375 -10.443909645080566 7.786657810211182
-19.610929489135742 -10.116250038146973 8.001325607299805
-19.22534942626953 -10.363349914550781 8.454200744628906
-18.166290283203125 -10.49071979522705 8.42451286315918
-18.309900283813477 -10.508259773254395 6.77044677734375
-19.590539932250977 -10.190710067749023 7.37467622756958
-19.03778076171875 -10.427240371704102 6.801279067993164
-19.51055908203125 -10.251959800720215 8.17957878112793
-17.887670516967773 -10.544870376586914 8.029135704040527
-17.87579917907715 -10.582659721374512 7.013591766357422
-19.2425594329834 -10.431670188903809 6.933134078979492
-18.824670791625977 -10.53991985321045 6.7368950843811035
-19.652929306030273 -10.225139617919922 7.630910873413086
-18.38422966003418 -10.599320411682129 8.570398330688477
# level 24 30
-19.42962074279785 -10.455340385437012 7.1315598487854
-18.071489334106445 -10.669179916381836 6.859230041503906
-18.59564971923828 -10.649669647216797 6.746748924255371
-17.812850952148438 -10.636650085449219 7.280692100524902
-19.403560638427734 -10.433879852294922 8.295317649841309
-19.62455940246582 -10.377240180969238 7.885573863983154
-19.057220458984375 -10.7537202835083 6.841710090637207
-18.05561065673828 -10.666669845581055 8.283082962036133
-19.323040008544922 -10.668230056762695 7.028479099273682
-19.170629501342773 -10.609640121459961 8.45478630065918
-19.55767059326172 -10.533060073852539 7.365808963775635
-18.820680618286133 -10.688920021057129 8.594002723693848
-17.849559783935547 -10.745980262756348 7.869247913360596
-18.402339935302734 -10.784119606018066 6.771313190460205
-17.936189651489258 -10.875579833984375 6.9375691413879395
-17.808130264282227 -10.776490211486816 7.603229999542236
-19.617219924926758 -10.570449829101562 7.589491844177246
-18.557170867919922 -10.767550468444824 8.61386489868164
-18.8587703704834 -10.875450134277344 6.783482074737549
-19.52819061279297 -10.589839935302734 8.089296340942383
-17.9620304107666 -10.843660354614258 8.115157127380371
-18.19300079345703 -10.872380256652832 8.398810386657715
-18.609840393066406 -10.910650253295898 6.771810054779053
-17.869529724121094 -10.949020385742188 7.164276123046875
-19.612539291381836 -10.677530288696289 7.799132823944092
-19.427730560302734 -10.809329986572266 7.184728145599365
-17.827669143676758 -10.946160316467285 7.400951862335205
-18.155059814453125 -10.978819847106934 6.86629581451416
-18.953609466552734 -10.87716007232666 8.529420852661133
-18.444910049438477 -11.007229804992676 8.554351806640625
# level 25 30
-18.383220672607422 -11.031620025634766 6.80290412902832
-19.562969207763672 -10.800410270690918 7.443346977233887
-19.296899795532227 -10.949350357055664 7.039989948272705
-17.834129333496094 -11.048749923706055 7.613064765930176
-18.631359100341797 -11.150520324707031 6.794705867767334
-18.895179748535156 -11.122260093688965 6.821785926818848
-19.16250991821289 -10.918140411376953 8.42349624633789
-18.712169647216797 -10.992239952087402 8.582460403442383
-17.88658905029297 -11.03223991394043 7.898528099060059
-17.961809158325195 -11.214280128479004 6.968657970428467
-19.347240447998047 -10.852919578552246 8.287291526794434
-19.596729278564453 -10.928299903869629 7.727217197418213
-19.516780853271484 -10.890089988708496 8.049135208129883
-18.1936092376709 -11.265660285949707 6.884576797485352
-19.4366397857666 -11.070340156555176 7.237122058868408
-18.006309509277344 -11.10830020904541 8.141831398010254
-17.857969284057617 -11.246170043945312 7.3832688331604
-19.12693977355957 -11.15707015991211 6.930414199829102
-18.42024040222168 -11.265310287475586 6.816103935241699
-18.29306983947754 -11.170980453491211 8.443102836608887
-18.9401798248291 -11.116909980773926 8.507969856262207
-19.541650772094727 -11.086540222167969 7.464907169342041
-18.47726058959961 -11.279729843139648 8.539033889770508
-19.30607032775879 -11.22089958190918 7.093533992767334
-19.283540725708008 -11.096489906311035 8.309377670288086
-17.91819953918457 -11.272820472717285 7.924411773681641
-19.54615020751953 -11.099020004272461 7.8945698738098145
-19.442350387573242 -11.096750259399414 8.127811431884766
-17.999099731445312 -11.447759628295898 7.081521987915039
-18.73925018310547 -11.291629791259766 8.543261528015137
# level 26 32
-18.95363998413086 -11.411640167236328 6.911840915679932
-19.164199829101562 -11.287249565124512 8.3785982131958
-18.695329666137695 -11.463600158691406 6.876422882080078
-18.247169494628906 -11.486430168151855 6.9550018310546875
-19.177989959716797 -11.42566967010498 7.05656099319458
-19.392169952392578 -11.405909538269043 7.29312801361084
-19.38945960998535 -11.376689910888672 8.103324890136719
-19.51239013671875 -11.390279769897461 7.758813858032227
-17.917640686035156 -11.452739715576172 7.5262532234191895
-18.303489685058594 -11.43552017211914 8.36159896850586
-18.537010192871094 -11.62123966217041 6.940092086791992
-18.51384925842285 -11.505209922790527 8.451353073120117
-18.89661979675293 -11.506050109863281 8.408150672912598
-18.01226043701172 -11.609800338745117 7.264217853546143
-18.02117919921875 -11.485210418701172 7.976255893707275
-18.865680694580078 -11.627840042114258 6.969184875488281
-19.438919067382812 -11.535670280456543 7.566864013671875
-19.1685791015625 -11.51908016204834 8.255852699279785
-18.17514991760254 -11.535659790039062 8.185202598571777
-18.338769912719727 -11.71996021270752 7.024727821350098
-19.14759063720703 -11.65684986114502 7.146028995513916
-19.301490783691406 -11.672730445861816 7.348029136657715
-19.29534912109375 -11.62205982208252 8.062889099121094
-18.028549194335938 -11.667200088500977 7.795812129974365
-18.133569717407227 -11.698840141296387 8.021187782287598
-18.026750564575195 -11.743559837341309 7.570280075073242
-18.08319091796875 -11.828399658203125 7.340571880340576
-18.774099349975586 -11.741290092468262 8.3469877243042
-18.687360763549805 -11.822549819946289 7.015625
-18.29850959777832 -11.735830307006836 8.20405387878418
-18.50098991394043 -11.765239715576172 8.33033275604248
-19.37295913696289 -11.731989860534668 7.6880621910095215
# level 27 24
-18.11850929260254 -11.883660316467285 7.819558143615723
-19.162860870361328 -11.860230445861816 7.282125949859619
-19.12281036376953 -11.774069786071777 8.157493591308594
-18.320850372314453 -11.962739944458008 8.103646278381348
-18.96143913269043 -11.907279968261719 7.121132850646973
-19.281639099121094 -11.823080062866211 7.928530216217041
-18.676729202270508 -11.951979637145996 8.275431632995605
-18.55126953125 -12.002639770507812 7.087625980377197
-18.261159896850586 -12.031180381774902 7.22195291519165
-18.157020568847656 -12.021739959716797 7.547203063964844
-19.213119506835938 -12.011420249938965 7.500339984893799
-18.852800369262695 -12.0343599319458 8.142996788024902
-19.22736930847168 -12.017709732055664 7.754856109619141
-18.53519058227539 -12.0760498046875 8.070178985595703
-18.30854034423828 -12.081350326538086 7.788131237030029
-18.450820922851562 -12.109990119934082 7.336023807525635
-19.06390953063965 -12.050209999084473 7.955347061157227
-18.949369430541992 -12.078749656677246 7.346223831176758
-18.706310272216797 -12.132539749145508 7.341754913330078
-19.023719787597656 -12.115920066833496 7.653058052062988
-18.82377052307129 -12.139439582824707 7.906927108764648
-18.554420471191406 -12.209939956665039 7.5220561027526855
-18.62936019897461 -12.211050033569336 7.795775890350342
-18.822769165039062 -12.192540168762207 7.548157215118408
