# level 0 30
-0.7517837882041931 0.1538105010986328 0.6442291140556335
-0.7517837882041931 0.1538105010986328 0.6442291140556335
-0.7517837882041931 0.1538105010986328 0.6442291140556335
-0.7517837882041931 0.1538105010986328 0.6442291140556335
-0.7517837882041931 0.1538105010986328 0.6442291140556335
-0.7517837882041931 0.1538105010986328 0.6442291140556335
-0.7517837882041931 0.1538105010986328 0.6442291140556335
-0.7517837882041931 0.1538105010986328 0.6442291140556335
-0.7517837882041931 0.1538105010986328 0.6442291140556335
-0.7517837882041931 0.1538105010986328 0.6442291140556335
-0.7517837882041931 0.1538105010986328 0.6442291140556335
-0.7517837882041931 0.1538105010986328 0.6442291140556335
-0.7517837882041931 0.1538105010986328 0.6442291140556335
-0.7517837882041931 0.1538105010986328 0.6442291140556335
-0.7517837882041931 0.1538105010986328 0.6442291140556335
-0.7517837882041931 0.1538105010986328 0.6442291140556335
-0.7517837882041931 0.1538105010986328 0.6442291140556335
-0.7517837882041931 0.1538105010986328 0.6442291140556335
-0.7517837882041931 0.1538105010986328 0.6442291140556335
-0.7517837882041931 0.1538105010986328 0.6442291140556335
-0.7517837882041931 0.1538105010986328 0.6442291140556335
-0.7517837882041931 0.1538105010986328 0.6442291140556335
-0.7517837882041931 0.1538105010986328 0.6442291140556335
-0.7517837882041931 0.1538105010986328 0.6442291140556335
-0.7517837882041931 0.1538105010986328 0.6442291140556335
-0.7517837882041931 0.1538105010986328 0.6442291140556335
-0.7517837882041931 0.1538105010986328 0.6442291140556335
-0.7517837882041931 0.1538105010986328 0.6442291140556335
-0.7517837882041931 0.1538105010986328 0.6442291140556335
-0.7517837882041931 0.1538105010986328 0.6442291140556335
# level 1 37
-0.8205692172050476 0.14836649596691132 0.656821072101593
-0.7797632813453674 0.1769811064004898 0.5906342267990112
-0.7310022711753845 0.12813009321689606 0.7036288976669312
-0.7117977738380432 0.17610889673233032 0.5926517248153687
-0.6823691725730896 0.14124290645122528 0.6732984185218811
-0.8438786864280701 0.16986049711704254 0.6071047186851501
-0.7832357883453369 0.11034529656171799 0.744766116142273
-0.7162017226219177 0.10421589761972427 0.7589436769485474
-0.8931596875190735 0.14838670194149017 0.6567744016647339
-0.7237799167633057 0.2025739997625351 0.5314366221427917
-0.6443089842796326 0.17763260006904602 0.5891274213790894
-0.8644359707832336 0.1232106015086174 0.7150080800056458
-0.6360654234886169 0.12550419569015503 0.7097029089927673
-0.6229599118232727 0.14889760315418243 0.655592679977417
-0.7849665284156799 0.21563729643821716 0.5012205243110657
-0.8604567050933838 0.2049148976802826 0.5260220170021057
-0.908660888671875 0.18642190098762512 0.5687971711158752
-0.9368817806243896 0.13281500339508057 0.6927925944328308
-0.7793732285499573 0.0867842435836792 0.7992638945579529
-0.8536872267723083 0.09782596677541733 0.7737237811088562
-0.6530495285987854 0.09578806906938553 0.778437614440918
-0.7101234197616577 0.07998759299516678 0.814984917640686
-0.6996790170669556 0.22471530735492706 0.4802229106426239
-0.6407471895217896 0.21103259921073914 0.5118715167045593
-0.5754402875900269 0.1254110038280487 0.7099183201789856
-0.5668246150016785 0.17578789591789246 0.5933942198753357
-0.9225515723228455 0.10789989680051804 0.7504224181175232
-0.5937638878822327 0.10266769677400589 0.7625247240066528
-0.9911376237869263 0.1712253987789154 0.6039475202560425
-0.924161970615387 0.21113020181655884 0.5116456747055054
-0.9999719262123108 0.1348728984594345 0.6880325078964233
-0.8314512968063354 0.07589316368103027 0.8244554996490479
-0.5379043221473694 0.1476496011018753 0.6584795117378235
-0.8110991716384888 0.2445995956659317 0.43422970175743103
-0.7811018228530884 0.06099022924900055 0.8589267134666443
-0.6113330721855164 0.07672674208879471 0.822527289390564
-0.8732147216796875 0.2369789034128189 0.4518566131591797
# level 2 36
-0.9929512739181519 0.09799216687679291 0.7733393907546997
-0.9857311844825745 0.2089197039604187 0.5167586803436279
-0.9288687705993652 0.07130461931228638 0.8350690007209778
-0.742865800857544 0.04139995947480202 0.9042400121688843
-0.5530120730400085 0.08553128689527512 0.8021619915962219
-0.8642150163650513 0.050537899136543274 0.8831033706665039
-0.5227985978126526 0.11379879713058472 0.7367780208587646
-0.9983533024787903 0.06327106058597565 0.8536509871482849
-0.6713008880615234 0.039390791207551956 0.9088873267173767
-0.9938932061195374 0.2372944951057434 0.45112669467926025
-0.6300557255744934 0.23447589576244354 0.4576461911201477
-0.512634813785553 0.18752489984035492 0.5662459135055542
-0.548864483833313 0.05886673927307129 0.8638383746147156
-0.8339474201202393 0.027083389461040497 0.9373549222946167
-0.5776271820068359 0.22274790704250336 0.4847736060619354
-0.8855311870574951 0.2634826898574829 0.3905524015426636
-0.7880460023880005 0.2661578953266144 0.38436469435691833
-0.9406406283378601 0.04569697007536888 0.8943008184432983
-0.7232288718223572 0.2569754123687744 0.4056040048599243
-0.6108530163764954 0.03308767080307007 0.9234666228294373
-0.454816609621048 0.1417831927537918 0.6720486879348755
-0.7510828971862793 0.01220231968909502 0.9717754125595093
-0.9570150971412659 0.2606070935726166 0.39720380306243896
-0.5223637223243713 0.2104925960302353 0.5131204724311829
-0.6615543961524963 0.25749731063842773 0.40439701080322266
-0.9007589221000671 0.027548039332032204 0.9362800717353821
-0.48366180062294006 0.07316570729017258 0.8307641744613647
-0.4556153118610382 0.09432493895292282 0.7818219065666199
-0.9946944713592529 0.03408830985426903 0.9211521148681641
-0.6941751837730408 0.0038123379927128553 0.9911819100379944
-0.8266239166259766 0.2838253080844879 0.34349921345710754
-0.5999541282653809 0.25514209270477295 0.40984460711479187
-0.8138713240623474 0.001092085032723844 0.9974740147590637
-0.5371488928794861 0.03245282173156738 0.9249351024627686
-0.42276009917259216 0.16179220378398895 0.6257668733596802
-0.6939347982406616 0.27762570977211 0.35783910751342773
# level 3 36
-0.986203670501709 0.005800534971058369 0.9865831136703491
-0.9279149770736694 0.0007067759288474917 0.9983652234077454
-0.6163721084594727 0.002932769013568759 0.9932163953781128
-0.5232213735580444 0.0068992432206869125 0.984041690826416
-0.9981979727745056 0.2811565101146698 0.3496722877025604
-0.4798640012741089 0.03789399936795235 0.912349283695221
-0.9247338771820068 0.2857710123062134 0.33899879455566406
-0.7571576237678528 0.28676488995552063 0.336699903011322
-0.6221972703933716 0.2766816020011902 0.36002281308174133
-0.423566609621048 0.06262154132127762 0.8551533818244934
-0.4142589867115021 0.11862529814243317 0.725614070892334
-0.5316314101219177 0.24911069869995117 0.4237954914569855
-0.3992655873298645 0.0838480293750763 0.80605548620224
-0.466263085603714 0.0014463940169662237 0.9966543912887573
-0.8627411127090454 0.30460798740386963 0.2954280972480774
-0.4536541998386383 0.21083970367908478 0.5123177170753479
-0.5617918968200684 0.2742252051830292 0.36570459604263306
-0.7964485287666321 0.30740371346473694 0.2889614999294281
-0.6784523129463196 0.3024267852306366 0.30047330260276794
-0.4266645908355713 0.02713737078011036 0.9372299909591675
-0.36334219574928284 0.1625216007232666 0.6240798234939575
-0.936712384223938 0.30850979685783386 0.286403089761734
-0.4552544057369232 0.23769690096378326 0.4501957893371582
-0.5856044292449951 0.2980881929397583 0.3105086088180542
-0.37485408782958984 0.1916462928056717 0.5567129254341125
-0.3554593026638031 0.06461183726787567 0.8505496978759766
-0.34356391429901123 0.13203980028629303 0.6945856809616089
-0.7317538261413574 0.3205483853816986 0.2585572898387909
-0.3356699049472809 0.10614249855279922 0.7544873952865601
-0.48403650522232056 0.26891589164733887 0.3779852092266083
-0.3668864965438843 0.04072923958301544 0.9057912826538086
-0.383882999420166 0.001120739965699613 0.9974076747894287
-0.8652104139328003 0.32888099551200867 0.23928380012512207
-0.6364771127700806 0.31924179196357727 0.261579692363739
-0.9948859810829163 0.3256683945655823 0.24671469628810883
-0.5163341164588928 0.2964172959327698 0.3143734037876129
# level 4 35
-0.32006099820137024 0.00031213840702548623 0.9992778897285461
-0.2985588014125824 0.03229532018303871 0.9252992868423462
-0.9831624031066895 0.3527156114578247 0.18415330350399017
-0.3003008961677551 0.07428543269634247 0.8281741738319397
-0.8076397776603699 0.34435319900512695 0.20349590480327606
-0.5771340727806091 0.32489749789237976 0.24849769473075867
-0.9213519096374512 0.3555009067058563 0.17771080136299133
-0.4260742962360382 0.26362648606300354 0.39021968841552734
-0.25756409764289856 0.010079190135002136 0.976686418056488
-0.2888832986354828 0.1202424019575119 0.7218735814094543
-0.2770735025405884 0.09648192673921585 0.7768326997756958
-0.7516232132911682 0.3570029139518738 0.1742366999387741
-0.30312320590019226 0.16928459703922272 0.6084367036819458
-0.687077522277832 0.3569105863571167 0.1744500994682312
-0.41942501068115234 0.2888129949569702 0.3319624960422516
-0.37810438871383667 0.23279309272766113 0.4615386128425598
-0.27704331278800964 0.1452701985836029 0.6639832258224487
-0.2379211038351059 0.07656451314687729 0.8229026198387146
-0.5787743926048279 0.3512563109397888 0.18752889335155487
-0.8135480284690857 0.3701828122138977 0.14375120401382446
-0.32452139258384705 0.21127919852733612 0.5113009810447693
-0.2294117957353592 0.050423718988895416 0.8833674788475037
-0.45794281363487244 0.32385608553886414 0.25090649724006653
-0.9841343760490417 0.3818187117576599 0.1168368011713028
-0.36996620893478394 0.2746453881263733 0.3647325932979584
-0.8686643242835999 0.38023439049720764 0.12050150334835052
-0.6301305294036865 0.36606860160827637 0.15326739847660065
-0.2240968942642212 0.11629579961299896 0.7310022711753845
-0.19973060488700867 0.0015808299649506807 0.9963434934616089
-0.3399760127067566 0.2506239116191864 0.4202952980995178
-0.24672269821166992 0.17665310204029083 0.5913928151130676
-0.38814619183540344 0.3100784122943878 0.2827746868133545
-0.26443231105804443 0.20127689838409424 0.5344368815422058
-0.4920591115951538 0.35281801223754883 0.18391670286655426
-0.18242749571800232 0.02580389939248562 0.9403144121170044
# level 5 37
-0.12681350111961365 0.004816949833184481 0.9888582229614258
-0.1664486974477768 0.06323742866516113 0.8537287712097168
-0.9797838926315308 0.4052436947822571 0.06265395879745483
-0.9152262806892395 0.39807501435279846 0.07923527806997299
-0.15698949992656708 0.08621825277805328 0.8005731105804443
-0.8060024976730347 0.3952507972717285 0.08576797693967819
-0.11132969707250595 0.04984043911099434 0.8847166895866394
-0.20697450637817383 0.1593082994222641 0.6315122842788696
-0.16407200694084167 0.12922529876232147 0.7010958194732666
-0.7317981719970703 0.3897499144077301 0.09849157929420471
-0.5441445112228394 0.37082639336586 0.1422622948884964
-0.3364824950695038 0.2979133129119873 0.3109130859375
-0.27538278698921204 0.22701579332351685 0.4749017059803009
-0.29335901141166687 0.27778100967407227 0.357479989528656
-0.05107272043824196 0.008727377280592918 0.9798132181167603
-0.9391494989395142 0.423308789730072 0.020868660882115364
-0.8590832948684692 0.41744929552078247 0.03442183881998062
-0.6212990283966064 0.39795100688934326 0.0795222818851471
-0.09439206123352051 0.08088000118732452 0.8129206895828247
-0.20388859510421753 0.21583899855613708 0.5007541179656982
-0.058233410120010376 0.03706220164895058 0.9142733812332153
-0.4023571014404297 0.34923070669174194 0.1922142058610916
-0.6820058226585388 0.4026378095149994 0.06868141889572144
-0.2536329925060272 0.2553294897079468 0.40941089391708374
-0.10634390264749527 0.1152900978922844 0.7333285212516785
-0.9926918148994446 0.4317846894264221 -0.0012634990271180868
-0.12374269962310791 0.14771829545497894 0.6583204865455627
-0.14481550455093384 0.17459359765052795 0.5961567163467407
-0.16216300427913666 0.19776619970798492 0.542557418346405
-0.05909479036927223 0.061740800738334656 0.8571906089782715
-0.4470455050468445 0.37736809253692627 0.12713129818439484
-0.20166540145874023 0.24103699624538422 0.4424703121185303
-0.29612109065055847 0.3284578025341034 0.2402627021074295
-0.7331764101982117 0.4209671914577484 0.026284869760274887
-0.5389559268951416 0.40382149815559387 0.06594347953796387
-0.25489160418510437 0.3033030033111572 0.29844650626182556
-0.7872744798660278 0.42936989665031433 -0.006849170196801424
# level 6 37
-0.0012553370324894786 0.026753900572657585 0.9381170272827148
-0.896388828754425 0.41166940331459045 -0.04779106006026268
-0.03514967858791351 0.09113696962594986 0.7891958951950073
0.007721782196313143 0.05117380991578102 0.8816326260566711
-0.9993231892585754 0.39664751291275024 -0.08253735303878784
-0.13724540174007416 0.22087760269641876 0.48909950256347656
0.03925653174519539 0.004269322846084833 0.9901248216629028
-0.1950272023677826 0.27028828859329224 0.37481069564819336
-0.1028985008597374 0.19408200681209564 0.5510789752006531
-0.03355703130364418 0.11562640219926834 0.7325506210327148
-0.07423260807991028 0.17043820023536682 0.6057683229446411
-0.936772882938385 0.39485108852386475 -0.08669233322143555
-0.1434869021177292 0.24952350556850433 0.42284059524536133
-0.03798123821616173 0.15182650089263916 0.6488180756568909
-0.8516796231269836 0.3963890075683594 -0.08313515782356262
-0.6719127297401428 0.42641040682792664 -0.013694490306079388
-0.6126732230186462 0.42663338780403137 0.013178650289773941
-0.18854260444641113 0.29587599635124207 0.3156256079673767
-0.3305583894252777 0.35357099771499634 0.18217480182647705
-0.7617555260658264 0.40174001455307007 -0.07075809687376022
-0.37874630093574524 0.37322691082954407 0.13671010732650757
-0.4682309925556183 0.39975520968437195 0.07534892857074738
0.059518810361623764 0.0619877390563488 0.8566194176673889
0.0792008489370346 0.031091390177607536 0.9280840754508972
-0.0851224735379219 0.23500099778175354 0.45643168687820435
0.03650873899459839 0.0983014926314354 0.7726240158081055
-0.245614692568779 0.3471199870109558 0.19709619879722595
-0.19345949590206146 0.32277849316596985 0.2533991038799286
-0.9781237244606018 0.3723039925098419 -0.1388445943593979
-0.04641544818878174 0.21402530372142792 0.5049492120742798
-0.010302750393748283 0.17539739608764648 0.5942974090576172
-0.5152881741523743 0.4290355145931244 -0.007622510194778442
-0.09288650751113892 0.26170840859413147 0.39465630054473877
-0.8022164106369019 0.38212570548057556 -0.11612679809331894
0.11163149774074554 0.008851622231304646 0.9795258045196533
-0.27924609184265137 0.3666572868824005 0.15190570056438446
0.031253278255462646 0.14526090025901794 0.6640045046806335
# level 7 37
0.08532640337944031 0.08287906646728516 0.8082966804504395
-0.029715679585933685 0.24427899718284607 0.4349712133407593
0.008322924375534058 0.2013871967792511 0.5341817736625671
0.13034570217132568 0.05787866935133934 0.8661239147186279
-0.870532214641571 0.3696190118789673 -0.14505510032176971
-0.1009846031665802 0.2888509929180145 0.3318746089935303
0.1959047019481659 0.000575960089918226 0.9986677169799805
-0.9230325222015381 0.3531259000301361 -0.18320420384407043
-0.9932960271835327 0.34501931071281433 -0.20195519924163818
0.08038399368524551 0.1317203938961029 0.6953243017196655
0.18962140381336212 0.02847515046596527 0.9341356754302979
0.050398290157318115 0.18478019535541534 0.5725945830345154
-0.038349539041519165 0.2725217044353485 0.36964479088783264
0.07333319634199142 0.1618565022945404 0.6256182193756104
0.11499360203742981 0.10304640233516693 0.7616487741470337
0.03619008883833885 0.2250259965658188 0.47950419783592224
-0.6851053833961487 0.39644551277160645 -0.08300455659627914
-0.17241470515727997 0.3505493104457855 0.18916399776935577
-0.13286319375038147 0.3333025872707367 0.22905629873275757
-0.8028212189674377 0.3542290925979614 -0.18065260350704193
-0.8668283820152283 0.3457632064819336 -0.20023460686206818
-0.3344896137714386 0.39649951457977295 0.08287966251373291
-0.42220088839530945 0.416618287563324 0.036344148218631744
0.1279006004333496 0.1465258002281189 0.6610788106918335
-0.5784872770309448 0.4091466963291168 -0.05362620949745178
-0.9439197778701782 0.3306252956390381 -0.2352491021156311
0.22185389697551727 0.0480341911315918 0.8888946175575256
0.18152280151844025 0.0938209593296051 0.7829875946044922
-0.2752406895160675 0.3955233097076416 0.08513758331537247
0.19816139340400696 0.0713876485824585 0.8348770141601562
0.08982208371162415 0.20884770154953003 0.5169252753257751
-0.7392988204956055 0.35776209831237793 -0.17248070240020752
-0.02396691031754017 0.29710349440574646 0.31278619170188904
0.11632049828767776 0.18243180215358734 0.5780264139175415
-0.17370809614658356 0.3739706873893738 0.13498960435390472
-0.6828309297561646 0.3725352883338928 -0.13830949366092682
-0.44212308526039124 0.42406120896339417 -0.019128380343317986
# level 8 37
-0.99167799949646 0.3135569095611572 -0.27472880482673645
0.2649227976799011 0.02691229060292244 0.9377505779266357
-0.8892840147018433 0.32131528854370117 -0.25678348541259766
0.17090819776058197 0.12757200002670288 0.7049198150634766
0.28682559728622437 0.00224252394400537 0.9948130249977112
0.022791240364313126 0.2785628139972687 0.3556714951992035
0.17177140712738037 0.16967740654945374 0.6075280904769897
-0.8042036890983582 0.33097851276397705 -0.23443199694156647
0.28086230158805847 0.05354908108711243 0.8761383891105652
0.10502929985523224 0.23713310062885284 0.4515000879764557
-0.9399117827415466 0.301850289106369 -0.30180689692497253
0.1668653041124344 0.20504680275917053 0.52571702003479
0.07261431217193604 0.2661396861076355 0.38440659642219543
-0.06480038166046143 0.3345111012458801 0.22626100480556488
-0.11521390080451965 0.3647547960281372 0.15630629658699036
0.23106899857521057 0.14033709466457367 0.6753935813903809
0.26863449811935425 0.10950859636068344 0.7467013001441956
-0.8816326856613159 0.29797130823135376 -0.31077900528907776
-0.7101801037788391 0.3367423117160797 -0.22110030055046082
-0.994461178779602 0.2885792851448059 -0.33250290155410767
0.310860812664032 0.07728853821754456 0.8212279081344604
-0.6017189025878906 0.3857854902744293 -0.10766150057315826
0.334751695394516 0.03788544982671738 0.9123690724372864
0.17524150013923645 0.2280185967683792 0.4725821912288666
-0.00456260098144412 0.327413409948349 0.24267829954624176
-0.20804710686206818 0.40351659059524536 0.06664884090423584
-0.3035550117492676 0.41980159282684326 0.02898108959197998
-0.6364197134971619 0.35302528738975525 -0.18343690037727356
-0.7920005917549133 0.30447810888290405 -0.29572850465774536
-0.3686498999595642 0.4308396875858307 -0.0034493510611355305
0.3618428111076355 0.0023903849069029093 0.99447101354599
0.24824169278144836 0.17800000309944153 0.5882775187492371
0.3558141887187958 0.060694631189107895 0.859610378742218
0.15755429863929749 0.2569581866264343 0.4056437015533447
0.09344547986984253 0.2969003915786743 0.3132561147212982
-0.4449116885662079 0.39783498644828796 -0.079790398478508
-0.7213761806488037 0.3133868873119354 -0.2751219868659973
# level 9 36
-0.9465420842170715 0.26598671078681946 -0.3847605884075165
-0.8350852727890015 0.2825702130794525 -0.34640228748321533
0.3936007022857666 0.04273926839232445 0.9011420011520386
-0.8773977160453796 0.2650626003742218 -0.38689810037612915
0.23223739862442017 0.21604250371456146 0.5002833008766174
0.44602450728416443 0.0020148560870438814 0.9953395128250122
0.29642361402511597 0.13102160394191742 0.6969407200813293
0.32780390977859497 0.10953020304441452 0.746651291847229
0.21547110378742218 0.24505630135536194 0.4331732988357544
-0.7524315118789673 0.2858754098415375 -0.33875739574432373
0.39678460359573364 0.08545857667922974 0.8023303151130676
0.4546731114387512 0.030505020171403885 0.9294404983520508
0.14802490174770355 0.28857651352882385 0.332509309053421
0.3090856075286865 0.17527270317077637 0.5945857763290405
0.001285969978198409 0.35053110122680664 0.1892060935497284
0.0790662169456482 0.3213619887828827 0.2566753923892975
-0.6521012783050537 0.3136669099330902 -0.27447450160980225
-0.9791247844696045 0.23835210502147675 -0.44868040084838867
-0.6849313974380493 0.2937757074832916 -0.32048359513282776
-0.03942384943366051 0.368836909532547 0.14686420559883118
0.2991935908794403 0.19847699999809265 0.5409131050109863
0.2240937054157257 0.26803669333457947 0.38001880049705505
-0.8109902739524841 0.2576049864292145 -0.40414759516716003
-0.11071140319108963 0.39432159066200256 0.08791729807853699
0.356665700674057 0.1304159015417099 0.6983417868614197
-0.9205424785614014 0.23848290741443634 -0.44837790727615356
0.3377411961555481 0.15406540036201477 0.643639326095581
0.45746541023254395 0.06750737130641937 0.8438522219657898
-0.23701240122318268 0.42538970708847046 0.016055529937148094
-0.34695959091186523 0.4088045060634613 -0.054417550563812256
-0.6058902740478516 0.3290199041366577 -0.2389622926712036
-0.5579118132591248 0.3546946942806244 -0.17957569658756256
0.5072311162948608 0.016914330422878265 0.9608762860298157
-0.5080487728118896 0.38394859433174133 -0.11191029846668243
-0.7046316266059875 0.2712399959564209 -0.3726094961166382
-0.15136639773845673 0.4243529140949249 0.018453629687428474
# level 10 37
0.5112454891204834 0.04234619066119194 0.9020512104034424
-0.9073904156684875 0.21497860550880432 -0.502744197845459
-0.7912989854812622 0.23322980105876923 -0.46052849292755127
-0.9935513734817505 0.20596890151500702 -0.5235841870307922
0.43441930413246155 0.11098069697618484 0.7432963252067566
0.37220099568367004 0.17287789285182953 0.6001251935958862
0.47878798842430115 0.08917365223169327 0.7937371134757996
-0.7338346242904663 0.24642160534858704 -0.4300153851509094
0.4192335903644562 0.1405327022075653 0.6749411225318909
0.5850067734718323 0.005449575837701559 0.9873949289321899
0.28158068656921387 0.2520703971385956 0.4169495105743408
0.5467690825462341 0.061807360500097275 0.8570365905761719
0.21968060731887817 0.29293298721313477 0.3224327862262726
0.3407753109931946 0.21614620089530945 0.5000435709953308
0.5896602869033813 0.033326491713523865 0.9229142069816589
-0.6330714821815491 0.26745378971099854 -0.38136720657348633
0.1829926073551178 0.31120049953460693 0.2801794111728668
-0.5722404718399048 0.3084754943847656 -0.28648239374160767
0.09804602712392807 0.3458150029182434 0.20011480152606964
0.03329211100935936 0.3727984130382538 0.13770119845867157
0.1456948071718216 0.3311755955219269 0.2339763045310974
-0.058159951120615005 0.40910229086875916 0.05372878909111023
0.3324911892414093 0.2401818037033081 0.44444820284843445
-0.5881553292274475 0.28549620509147644 -0.339634507894516
0.4302898943424225 0.16896750032901764 0.6091700792312622
-0.8624064922332764 0.1982050985097885 -0.541542112827301
0.3930763900279999 0.2034115046262741 0.5294995903968811
0.0018725399859249592 0.3942975103855133 0.08797299861907959
0.5426790714263916 0.0856802836060524 0.8018174171447754
-0.380459189414978 0.3875355124473572 -0.10361380130052567
0.4971655011177063 0.11825630068778992 0.7264676094055176
-0.2295466959476471 0.40715429186820984 -0.05823466181755066
-0.5106847882270813 0.33601030707359314 -0.22279329597949982
-0.48330220580101013 0.35776299238204956 -0.1724786013364792
-0.9163134098052979 0.18878969550132751 -0.5633203983306885
-0.6605522036552429 0.23898449540138245 -0.4472176134586334
-0.7448263764381409 0.2131561040878296 -0.5069596767425537
# level 11 36
0.4810468852519989 0.14824849367141724 0.6570941209793091
-0.9962084889411926 0.17474600672721863 -0.5958042144775391
0.6657301783561707 0.0019780960865318775 0.9954245090484619
0.45597338676452637 0.19176539778709412 0.5564374923706055
0.4062198996543884 0.22714920341968536 0.47459301352500916
0.5657140016555786 0.1162722036242485 0.7310569286346436
0.6265842914581299 0.07665594667196274 0.8226910829544067
0.32133421301841736 0.2741847038269043 0.3657982051372528
-0.7804160714149475 0.1945367008447647 -0.5500273704528809
0.6572865843772888 0.05038983002305031 0.8834459185600281
0.2440928965806961 0.3141002058982849 0.2734721899032593
0.2825813889503479 0.2959037125110626 0.31556159257888794
-0.5806710720062256 0.2565155029296875 -0.40666788816452026
0.5027663111686707 0.17011870443820953 0.606507420539856
0.20649829506874084 0.3332799971103668 0.22910860180854797
-0.6845211982727051 0.2093002051115036 -0.5158786773681641
-0.526375412940979 0.28727778792381287 -0.3355135917663574
-0.8230503797531128 0.175252303481102 -0.5946329832077026
0.6954503059387207 0.02735082060098648 0.9367362856864929
-0.9039769768714905 0.16107480227947235 -0.6274263262748718
0.560309886932373 0.14106570184230804 0.6737082004547119
0.15425990521907806 0.35792070627212524 0.17211389541625977
0.6214578151702881 0.10468269884586334 0.7578638792037964
-0.48880648612976074 0.31008419394493103 -0.2827613949775696
0.09492877125740051 0.3855808973312378 0.10813470184803009
0.4086799919605255 0.2547062039375305 0.41085270047187805
-0.2878105938434601 0.3918175995349884 -0.09370896220207214
-0.44489890336990356 0.3384617865085602 -0.21712300181388855
-0.07952085137367249 0.43062809109687805 -0.0039389729499816895
-0.40312689542770386 0.3600355088710785 -0.16722220182418823
0.4974338114261627 0.2117404043674469 0.5102344155311584
-0.6148031949996948 0.21389849483966827 -0.5052425265312195
-0.9942569136619568 0.1471783071756363 -0.659569501876831
0.7349262833595276 0.0005026349099352956 0.998837411403656
-0.33124250173568726 0.3735690116882324 -0.13591879606246948
0.025840340182185173 0.4186832010746002 0.03156790882349014
# level 12 37
0.7892668843269348 0.016793010756373405 0.9611570239067078
0.34166741371154785 0.29675060510635376 0.31360259652137756
0.26881858706474304 0.33521029353141785 0.22464390099048615
0.38049378991127014 0.27768659591674805 0.3576982021331787
0.5635654926300049 0.16856490075588226 0.6101012825965881
0.7001100778579712 0.07162202894687653 0.8343347907066345
-0.8852192163467407 0.13436590135097504 -0.6892052292823792
-0.8319457173347473 0.1461258977651596 -0.6620036959648132
-0.4311361014842987 0.3140828013420105 -0.27351251244544983
0.7750983238220215 0.04260512813925743 0.9014521837234497
-0.5658186078071594 0.2328895926475525 -0.4613155126571655
0.6548383831977844 0.1238505020737648 0.7135279178619385
-0.5185818076133728 0.25361108779907227 -0.41338568925857544
0.32989558577537537 0.323824405670166 0.2509799003601074
-0.670624315738678 0.18347689509391785 -0.5756090879440308
0.5630216002464294 0.19689729809761047 0.5445672273635864
-0.4560689926147461 0.28862109780311584 -0.3324064016342163
0.5071554780006409 0.2365856021642685 0.45276638865470886
-0.9812757968902588 0.10916859656572342 -0.7474877238273621
0.6313207149505615 0.14870019257068634 0.656049370765686
-0.38777750730514526 0.330366313457489 -0.2358480989933014
0.6976618766784668 0.10663650184869766 0.753344714641571
0.1968315988779068 0.3787919878959656 0.12383779883384705
-0.7164974808692932 0.1666799932718277 -0.6144611835479736
-0.9215394258499146 0.11341310292482376 -0.7376698851585388
-0.27070310711860657 0.36563360691070557 -0.15427349507808685
0.26109078526496887 0.3600929081439972 0.1670892983675003
0.8444808125495911 0.008120663464069366 0.9812164902687073
0.7587816715240479 0.07446379214525223 0.827761709690094
0.49091869592666626 0.2595233917236328 0.39971038699150085
0.08760852366685867 0.4168573021888733 0.035791218280792236
-0.3045228123664856 0.34483009576797485 -0.20239290595054626
-0.10662849992513657 0.40815290808677673 -0.05592488870024681
-0.17570079863071442 0.395269513130188 -0.08572462201118469
-0.7427967190742493 0.14558829367160797 -0.663247287273407
-0.45257851481437683 0.2605764865875244 -0.39727461338043213
0.42832180857658386 0.2982361912727356 0.31016620993614197
# level 13 36
0.8538463711738586 0.03625616058707237 0.9161378145217896
0.9021406173706055 0.017421690747141838 0.9597027897834778
0.3299000859260559 0.34821391105651855 0.19456610083580017
-0.8323084115982056 0.12010130286216736 -0.7221999764442444
0.8153706192970276 0.06020164117217064 0.8607507944107056
-0.9983559250831604 0.0810263529419899 -0.8125820755958557
-0.3722865879535675 0.30184701085090637 -0.3018142879009247
0.3898477852344513 0.3311825096607208 0.23396030068397522
-0.9008845090866089 0.08723645657300949 -0.7982178926467896
0.770512580871582 0.10036829859018326 0.7678433060646057
0.7167701125144958 0.1332034021615982 0.6918941736221313
-0.32407230138778687 0.3224047124385834 -0.25426360964775085
-0.4733456075191498 0.23452509939670563 -0.4575324058532715
-0.3942298889160156 0.2798382043838501 -0.35272151231765747
0.6493589282035828 0.17738290131092072 0.5897048115730286
-0.6095591187477112 0.17708170413970947 -0.5904014706611633
-0.8431388139724731 0.0970868319272995 -0.7754334807395935
0.8204795718193054 0.08480075746774673 0.8038517832756042
-0.5118139982223511 0.211919903755188 -0.5098190903663635
0.9525749087333679 0.0003873191017191857 0.9991040825843811
0.5852879285812378 0.22844809293746948 0.47158879041671753
0.17880840599536896 0.40269729495048523 0.06854376196861267
-0.6630774140357971 0.1455944925546646 -0.6632329225540161
0.5435125231742859 0.2702780067920685 0.3748345971107483
0.4729219973087311 0.31358039379119873 0.27467450499534607
-0.23357529938220978 0.34736040234565735 -0.19654010236263275
-0.7050284743309021 0.12496460229158401 -0.7109509706497192
0.7149761915206909 0.15896360576152802 0.63230961561203
-0.940910816192627 0.06937053799629211 -0.8395426273345947
0.5115699768066406 0.2952049970626831 0.31717759370803833
-0.004664211999624968 0.4184306859970093 -0.03215194121003151
0.8927469253540039 0.060132429003715515 0.8609107732772827
-0.18815189599990845 0.3646138906478882 -0.15663209557533264
-0.4140594005584717 0.23628829419612885 -0.4534541070461273
0.6451402902603149 0.21164420247077942 0.5104568004608154
0.977222204208374 0.02396843023598194 0.9445598721504211
# level 14 36
0.975368082523346 0.049140848219394684 0.8863348960876465
-0.9896740913391113 0.05436642840504646 -0.8742477893829346
0.884443998336792 0.0831315666437149 0.8077126741409302
0.9998980164527893 0.07304199784994125 0.8310503959655762
-0.8723934888839722 0.05310129001736641 -0.8771740794181824
-0.9896597266197205 0.027108309790492058 -0.9372972249984741
0.8300269246101379 0.11717969924211502 0.7289577126502991
0.780902624130249 0.13503460586071014 0.687658429145813
-0.7488425970077515 0.10420949757099152 -0.7589585185050964
0.9491621851921082 0.09412161260843277 0.7822921872138977
-0.7933725714683533 0.07864347845315933 -0.8180938959121704
-0.31067919731140137 0.2875748872756958 -0.33482640981674194
-0.9133477807044983 0.032401058822870255 -0.9250547885894775
-0.4390585124492645 0.21415740251541138 -0.5046436786651611
0.46600478887557983 0.3374927043914795 0.21936459839344025
0.8885955810546875 0.11229769885540009 0.7402499914169312
0.364962100982666 0.37248748540878296 0.1384201943874359
-0.24152690172195435 0.3142288029193878 -0.2731747031211853
-0.35591670870780945 0.2444061040878296 -0.434677392244339
-0.5448480248451233 0.16973139345645905 -0.6074032187461853
0.4253757894039154 0.3574112057685852 0.17329229414463043
0.3038029074668884 0.39182358980178833 0.09369519352912903
0.611800491809845 0.25638070702552795 0.4069797098636627
-0.6747679114341736 0.10430540144443512 -0.7587366104125977
0.7546358704566956 0.17941489815711975 0.5850048065185547
0.6466001868247986 0.23701590299606323 0.45177119970321655
0.5372769832611084 0.3186799883842468 0.2628791034221649
-0.13034270703792572 0.3684003949165344 -0.1478738933801651
-0.08766034245491028 0.38562649488449097 -0.10802929848432541
-0.5873966217041016 0.14192040264606476 -0.6717314124107361
-0.3112089931964874 0.2624821960926056 -0.39286670088768005
0.7967587113380432 0.1611464023590088 0.627260684967041
-0.18635909259319305 0.32684749364852905 -0.2439873069524765
-0.486934095621109 0.1816927045583725 -0.5797361731529236
-0.7323923707008362 0.08045549690723419 -0.8139026165008545
0.719310998916626 0.2087063044309616 0.5172523260116577
# level 15 37
-0.9610378742218018 0.0003437242121435702 -0.9992049932479858
0.9944943785667419 0.11550919711589813 0.7328218221664429
-0.8768218755722046 0.0043394919484853745 -0.9899625778198242
-0.8486974239349365 0.027854150161147118 -0.9355720281600952
-0.7977908253669739 0.04298543930053711 -0.9005727171897888
0.8618329763412476 0.14790259301662445 0.6578943133354187
-0.8116618990898132 0.007603674195706844 -0.9824122786521912
-0.7045577168464661 0.059841450303792953 -0.8615838885307312
0.9472007155418396 0.14694079756736755 0.6601188778877258
-0.39182141423225403 0.19834229350090027 -0.5412247180938721
0.7869586944580078 0.1997791975736618 0.5379012227058411
-0.2256689965724945 0.2869105041027069 -0.3363631069660187
0.6062878966331482 0.28124839067459106 0.34945958852767944
-0.6088724732398987 0.1096355989575386 -0.7464075088500977
0.5803983211517334 0.30224260687828064 0.30089929699897766
0.8534013032913208 0.18046610057353973 0.582573413848877
0.7057511806488037 0.23255619406700134 0.4620864987373352
-0.7289413809776306 0.034994691610336304 -0.919055700302124
-0.5183883905410767 0.14783230423927307 -0.658056914806366
0.4179399013519287 0.3860076069831848 0.10714779794216156
-0.6504272222518921 0.06985125690698624 -0.8384305834770203
0.5148258209228516 0.3538464903831482 0.18153749406337738
0.2544366121292114 0.4117391109466553 0.04762988165020943
-0.3445315957069397 0.21406659483909607 -0.5048537254333496
-0.011383219622075558 0.39398080110549927 -0.08870542049407959
-0.11657260358333588 0.3384320139884949 -0.21719180047512054
0.09842789173126221 0.4179697036743164 -0.03321823105216026
-0.2624377906322479 0.24463319778442383 -0.4341520071029663
0.6678733229637146 0.266908198595047 0.3826290965080261
0.04201894998550415 0.40394508838653564 -0.06565778702497482
0.37022268772125244 0.40202879905700684 0.07009009271860123
0.47551968693733215 0.3743652105331421 0.13407699763774872
-0.07152718305587769 0.35457879304885864 -0.1798436939716339
0.1693267971277237 0.4283483028411865 -0.00921210553497076
-0.7400200963020325 0.007568023167550564 -0.9824947714805603
0.5908507108688354 0.3281862139701843 0.24089080095291138
-0.6000574827194214 0.08377157896757126 -0.8062322735786438
# level 16 30
-0.6710110902786255 0.010386389680206776 -0.9759758114814758
-0.6382958889007568 0.04345586150884628 -0.8994845151901245
0.6446598768234253 0.29895099997520447 0.30851298570632935
-0.6112707257270813 0.014285939745604992 -0.9669559001922607
0.9980229735374451 0.1726531982421875 0.6006448268890381
0.5783901810646057 0.35117819905281067 0.1877094954252243
-0.5733693242073059 0.056783631443977356 -0.8686568140983582
-0.28025901317596436 0.22008660435676575 -0.49092918634414673
0.5343728065490723 0.3801063895225525 0.12079750001430511
-0.39849239587783813 0.1727163940668106 -0.6004986763000488
-0.2059231996536255 0.26236310601234436 -0.3931420147418976
0.7342820763587952 0.2633664011955261 0.3908213973045349
-0.0005015867063775659 0.368120402097702 -0.14852149784564972
0.9332833290100098 0.18822160363197327 0.564634382724762
0.7813339233398438 0.23259609937667847 0.4619942903518677
0.09706831723451614 0.3909299075603485 -0.09576219320297241
-0.14724110066890717 0.2937439978122711 -0.32055678963661194
-0.5089619755744934 0.10855720192193985 -0.7489020228385925
0.2280886024236679 0.4224179983139038 -0.02292918972671032
-0.5236144065856934 0.08244585990905762 -0.8092988133430481
-0.09670648723840714 0.3114156126976013 -0.2796818017959595
0.862889289855957 0.21336670219898224 0.5064725875854492
-0.3027521073818207 0.19590020179748535 -0.5468735098838806
-0.468942791223526 0.12906810641288757 -0.7014592885971069
-0.4369452893733978 0.14851480722427368 -0.656478226184845
-0.5638229846954346 0.029273169115185738 -0.932289719581604
0.6671435832977295 0.32923251390457153 0.23847079277038574
0.29902398586273193 0.4298037886619568 -0.005845427978783846
-0.21831339597702026 0.22647389769554138 -0.4761551022529602
0.16440880298614502 0.3972488045692444 -0.08114632964134216
# level 17 30
-0.5345305800437927 0.0022978249471634626 -0.9946851134300232
-0.5096406936645508 0.057957228273153305 -0.8659421801567078
-0.5062184929847717 0.024851119145751 -0.9425181746482849
0.7230700254440308 0.3021419048309326 0.3011322021484375
0.8448007106781006 0.23639869689941406 0.45319870114326477
0.9265717267990112 0.21693600714206696 0.4982165992259979
-0.40969398617744446 0.12696270644664764 -0.7063292860984802
-0.23686090111732483 0.20245440304279327 -0.5317133069038391
-0.32411789894104004 0.16975179314613342 -0.6073560118675232
0.9955711960792542 0.21660089492797852 0.4989916980266571
0.8117281198501587 0.2597208023071289 0.399253785610199
-0.16121380031108856 0.24544839560985565 -0.4322662949562073
-0.44749459624290466 0.09583079069852829 -0.7783387899398804
-0.036689940840005875 0.32136270403862 -0.25667381286621094
0.07234994322061539 0.36324670910835266 -0.15979449450969696
0.35785460472106934 0.4318754971027374 -0.0010535119799897075
0.5967323184013367 0.3858290910720825 0.10756070166826248
-0.11593099683523178 0.27100178599357605 -0.37316039204597473
0.22639739513397217 0.3966427147388458 -0.08254826068878174
-0.45706960558891296 0.06970769912004471 -0.8387628197669983
0.7283797264099121 0.32849809527397156 0.24016930162906647
-0.47106918692588806 1.293597961193882e-05 -0.9999700784683228
0.6644635200500488 0.36484068632125854 0.15610750019550323
0.041485730558633804 0.3433912992477417 -0.20572079718112946
-0.26244300603866577 0.17569349706172943 -0.5936126112937927
0.28166648745536804 0.40529128909111023 -0.06254386901855469
-0.15905539691448212 0.21935440599918365 -0.49262291193008423
0.48838138580322266 0.4179142117500305 0.03334653005003929
-0.06387972831726074 0.28374990820884705 -0.3436734974384308
0.7932605147361755 0.29518839716911316 0.3172158896923065
# level 18 31
-0.4285978078842163 0.03253234922885895 -0.9247511029243469
0.976069986820221 0.23894639313220978 0.44730570912361145
-0.383646696805954 0.014787520281970501 -0.9657958149909973
-0.17590659856796265 0.19578130543231964 -0.547148585319519
0.8884099125862122 0.252912700176239 0.4150012135505676
-0.3552199900150299 0.113679900765419 -0.7370529174804688
-0.31236910820007324 0.14281849563121796 -0.6696540713310242
-0.3761875033378601 0.06103263050317764 -0.858828604221344
0.1289122998714447 0.35736849904060364 -0.17339110374450684
-0.0949471965432167 0.2440095990896225 -0.4355942904949188
-0.01856411062180996 0.29901519417762756 -0.30836451053619385
0.18396760523319244 0.37190449237823486 -0.13976870477199554
0.8503000140190125 0.2847062945365906 0.34146150946617126
-0.1898043006658554 0.17268289625644684 -0.6005762815475464
-0.2527894079685211 0.14646080136299133 -0.6612290740013123
-0.3563258945941925 0.08322293311357498 -0.8075013756752014
0.05677777901291847 0.3201819956302643 -0.2594046890735626
-0.09580346941947937 0.21784210205078125 -0.496120810508728
-0.355121910572052 0.037730298936367035 -0.9127280116081238
0.4374237060546875 0.43231239914894104 4.3032108806073666e-05
-0.04566460847854614 0.2570810914039612 -0.40535968542099
0.26913028955459595 0.37485450506210327 -0.1329451948404312
0.3263795077800751 0.38948869705200195 -0.09909582138061523
0.8303921222686768 0.31663450598716736 0.2676103115081787
0.9822865724563599 0.26573529839515686 0.385342001914978
-0.3363620936870575 0.0007416025036945939 -0.9982845783233643
0.5708444714546204 0.4167653024196625 0.03600409999489784
0.7482336163520813 0.3635517954826355 0.1590888947248459
-0.29650411009788513 0.11869630217552185 -0.7254496812820435
-0.10636039823293686 0.19489069283008575 -0.5492085218429565
0.9289944171905518 0.2764871120452881 0.3604728877544403
# level 19 32
-0.3065088987350464 0.021978380158543587 -0.949163019657135
0.9862403869628906 0.2969329059123993 0.31318071484565735
-0.29938119649887085 0.06047295033931732 -0.8601232171058655
-0.18791060149669647 0.1492193043231964 -0.654848575592041
0.9125385284423828 0.30198681354522705 0.30149099230766296
-0.23763540387153625 0.11691509932279587 -0.7295699119567871
-0.278056800365448 0.08856912702322006 -0.7951353788375854
-0.03170878067612648 0.23130199313163757 -0.46498769521713257
0.03907838091254234 0.29341891407966614 -0.32130879163742065
-0.09851346909999847 0.1714709997177124 -0.6033794283866882
0.2287386953830719 0.3535653054714203 -0.1821880042552948
0.15532580018043518 0.3351542055606842 -0.22477349638938904
0.017776580527424812 0.26570239663124084 -0.38541820645332336
-0.2344467043876648 0.00045253560529090464 -0.9989532828330994
-0.12906679511070251 0.15014900267124176 -0.652698278427124
-0.24932169914245605 0.04780764877796173 -0.8894186019897461
0.7994123101234436 0.3419044017791748 0.2091601938009262
0.10602200031280518 0.30765920877456665 -0.2883704900741577
-0.0461871512234211 0.18350030481815338 -0.5755550861358643
0.8867552280426025 0.32934820652008057 0.2382030040025711
-0.23538540303707123 0.0725935697555542 -0.8320875763893127
0.3987351059913635 0.3943609893321991 -0.08782591670751572
0.3151809871196747 0.3553887903690338 -0.17797020077705383
0.7094830274581909 0.38852110505104065 0.10133390128612518
0.981329083442688 0.3250451982021332 0.24815590679645538
0.3721066117286682 0.3705022931098938 -0.14301210641860962
-0.16949990391731262 0.10940299928188324 -0.7469456791877747
0.5235027074813843 0.4210397005081177 -0.026117239147424698
0.026263179257512093 0.2200549989938736 -0.4910024106502533
0.0899725928902626 0.27983298897743225 -0.3527336120605469
0.20771369338035583 0.3240746855735779 -0.2504008114337921
0.6678153872489929 0.4089205861091614 0.054149020463228226
# level 20 30
-0.19825419783592224 0.03399033099412918 -0.9213786721229553
-0.1778126060962677 0.008816822431981564 -0.9796062707901001
-0.18080979585647583 0.08347967267036438 -0.8069074749946594
-0.11110340058803558 0.12590450048446655 -0.7087770104408264
0.056829120963811874 0.2474910020828247 -0.4275417923927307
-0.06792733073234558 0.14723339676856995 -0.659442126750946
0.9471262097358704 0.34531518816947937 0.20127080380916595
0.008083581924438477 0.197632297873497 -0.542867124080658
0.16636820137500763 0.30650588870048523 -0.2910381853580475
-0.15791040658950806 0.058473359793424606 -0.8647484183311462
0.2887116074562073 0.3346068859100342 -0.22603949904441833
0.11594360321760178 0.25821420550346375 -0.4027385115623474
-0.1010667011141777 0.10272780060768127 -0.7623856067657471
0.8436174988746643 0.35831108689308167 0.17121070623397827
0.15941329300403595 0.28006988763809204 -0.3521854877471924
0.9992914199829102 0.35674211382865906 0.17484009265899658
-0.12085910141468048 0.08043759316205978 -0.8139439821243286
0.08590071648359299 0.21688279509544373 -0.4983397126197815
0.24512979388237 0.3035197854042053 -0.297945111989975
-0.12655159831047058 0.036249320954084396 -0.916153609752655
0.03750815987586975 0.17629839479923248 -0.59221351146698
-0.11550480127334595 0.008955971337854862 -0.979284405708313
0.45262980461120605 0.38447850942611694 -0.11068470031023026
-0.036270350217819214 0.12339700013399124 -0.7145769000053406
0.7741389274597168 0.3869819939136505 0.1048939973115921
0.6206573247909546 0.43095770478248596 0.003176480997353792
0.9062274098396301 0.37046360969543457 0.14310170710086823
0.4330197870731354 0.3572879135608673 -0.17357750236988068
0.5018944144248962 0.3969849944114685 -0.08175662159919739
0.38576918840408325 0.3365541100502014 -0.22153550386428833
# level 21 30
0.13773730397224426 0.23197230696678162 -0.46343719959259033
0.17307209968566895 0.25186678767204285 -0.41742029786109924
0.9629396200180054 0.38326409459114075 0.11349359899759293
0.22251290082931519 0.2818390130996704 -0.34809350967407227
-0.03215884044766426 0.09178157895803452 -0.7877048254013062
-0.04247670993208885 0.03475290909409523 -0.9196149110794067
0.09024857729673386 0.1868980973958969 -0.567695677280426
0.3123090863227844 0.3119761049747467 -0.27838531136512756
0.034290190786123276 0.14757560193538666 -0.6586505770683289
-0.036692891269922256 0.06861863285303116 -0.8412817716598511
-0.026873260736465454 0.008499838411808014 -0.980339527130127
0.872431218624115 0.39115530252456665 0.09524086117744446
0.28078359365463257 0.2841615080833435 -0.3427216112613678
0.16024149954319 0.2087358981370926 -0.517183780670166
0.040297359228134155 0.10738260298967361 -0.7516188025474548
0.23584209382534027 0.2543700933456421 -0.41163021326065063
0.7456079721450806 0.4085898995399475 0.05491403117775917
0.822084903717041 0.40595710277557373 0.061003830283880234
0.5620356202125549 0.40122848749160767 -0.07194125652313232
0.019731460139155388 0.07947935163974762 -0.8161605000495911
0.996566116809845 0.4044688940048218 0.06444597244262695
0.10385029762983322 0.14933930337429047 -0.654570996761322
0.48443830013275146 0.3419697880744934 -0.20900879800319672
0.14820440113544464 0.17910610139369965 -0.585719108581543
0.34083348512649536 0.29077690839767456 -0.3274199068546295
0.4145554006099701 0.30923929810523987 -0.28471559286117554
0.7021101713180542 0.4303514063358307 -0.004578828811645508
0.026436539366841316 0.05338985100388527 -0.8765066862106323
0.04065055027604103 0.003218533005565405 -0.9925553798675537
0.9013128280639648 0.4126473069190979 0.0455290712416172
# level 22 33
0.23285159468650818 0.2273751050233841 -0.4740706980228424
0.9865831136703491 0.4280833899974823 0.009824812412261963
0.057359728962183 0.03306851163506508 -0.9235110282897949
0.3273580074310303 0.26153460144996643 -0.3950585126876831
0.224596306681633 0.2042941004037857 -0.5274578928947449
0.08077353239059448 0.0693419873714447 -0.8396087288856506
0.16078530251979828 0.15590740740299225 -0.6393787264823914
0.8562396764755249 0.4309951961040497 0.003089834935963154
0.77777498960495 0.4296968877315521 0.006092727184295654
0.11722630262374878 0.0012501130113378167 -0.997108519077301
0.2175195962190628 0.17594429850578308 -0.5930324792861938
0.14881940186023712 0.12549130618572235 -0.709732711315155
0.9293925166130066 0.4192276895046234 -0.030308540910482407
0.28935980796813965 0.22082769870758057 -0.48921510577201843
0.3294217884540558 0.2381765991449356 -0.4490863084793091
0.4742732048034668 0.31683439016342163 -0.26714789867401123
0.5704675912857056 0.3769432008266449 -0.1281139999628067
0.42267459630966187 0.2792643904685974 -0.3540486991405487
0.5338863730430603 0.3566359877586365 -0.1750853955745697
0.6805359721183777 0.40860769152641296 -0.05487284064292908
0.628844678401947 0.3935498893260956 -0.08970218896865845
0.1289357990026474 0.029790140688419342 -0.9310939908027649
0.14558179676532745 0.10062669962644577 -0.7672454714775085
0.9964780211448669 0.4111621081829071 -0.048964470624923706
0.7441030144691467 0.41171640157699585 -0.04768228903412819
0.13322140276432037 0.054861780256032944 -0.8731021285057068
0.26909101009368896 0.18815240263938904 -0.5647944211959839
0.387294203042984 0.2472715973854065 -0.42804938554763794
0.4801541864871979 0.2928003966808319 -0.3227393925189972
0.8024947047233582 0.4070841073989868 -0.05839705094695091
0.15587790310382843 0.07625337690114975 -0.8236222863197327
0.5447484850883484 0.3231638967990875 -0.25250768661499023
0.2159986048936844 0.1361510008573532 -0.6850761771202087
# level 23 30
0.9193447828292847 0.39575061202049255 -0.08461177349090576
0.983231782913208 0.3883745074272156 -0.10167299956083298
0.1886426955461502 0.025922419503331184 -0.9400401711463928
0.27304789423942566 0.15590409934520721 -0.6393864154815674
0.35992729663848877 0.20969030261039734 -0.5149763226509094
0.634562075138092 0.3683418035507202 -0.1480093002319336
0.8637558817863464 0.3884127140045166 -0.10158470273017883
0.19947080314159393 0.11018980294466019 -0.7451257109642029
0.4453102946281433 0.2566952109336853 -0.4062522053718567
0.33063599467277527 0.18393640220165253 -0.5745462775230408
0.7155953049659729 0.37808579206466675 -0.1254711002111435
0.5912420749664307 0.33996498584747314 -0.21364599466323853
0.20998190343379974 0.08571253716945648 -0.8017427921295166
0.22056810557842255 0.006303634960204363 -0.9854193925857544
0.4422045052051544 0.23352549970149994 -0.45984458923339844
0.22707070410251617 0.0467202290892601 -0.8919339179992676
0.3308134078979492 0.16053810715675354 -0.6286677122116089
0.5224084854125977 0.268036812543869 -0.38001859188079834
0.296810507774353 0.1281055063009262 -0.7036858797073364
0.5636696815490723 0.28466638922691345 -0.3415536880493164
0.6580731272697449 0.34081900119781494 -0.21167060732841492
0.9800353050231934 0.3580613136291504 -0.17178860306739807
0.7979481220245361 0.3610512912273407 -0.16487249732017517
0.6065139770507812 0.3011823892593384 -0.30335161089897156
0.2681801915168762 0.09197630733251572 -0.7872543931007385
0.8923100829124451 0.3599221110343933 -0.16748440265655518
0.7157434225082397 0.34854280948638916 -0.19380520284175873
0.39428120851516724 0.1811525970697403 -0.580985426902771
0.2660326063632965 0.06847914308309555 -0.841604471206665
0.5106130242347717 0.24399350583553314 -0.43563181161880493
# level 24 30
0.2951210141181946 0.0019464259967207909 -0.9954978227615356
0.2993015944957733 0.028629079461097717 -0.9337794780731201
0.324598103761673 0.1075448989868164 -0.7512435913085938
0.312234491109848 0.05238435044884682 -0.8788325190544128
0.9866752028465271 0.3328055143356323 -0.2302062064409256
0.38900521397590637 0.14499850571155548 -0.6646115779876709
0.33549660444259644 0.07673957198858261 -0.8224977254867554
0.4564321041107178 0.2006485015153885 -0.535890519618988
0.6646134257316589 0.3114286959171295 -0.2796514928340912
0.5778418779373169 0.25571051239967346 -0.40852969884872437
0.6188977956771851 0.27700158953666687 -0.35928261280059814
0.7171611189842224 0.3222813010215759 -0.2545489966869354
0.3775599002838135 0.1191243976354599 -0.7244595289230347
0.45589280128479004 0.17333729565143585 -0.5990623831748962
0.559066116809845 0.23095090687274933 -0.4657996892929077
0.5169277787208557 0.21324719488620758 -0.5067489743232727
0.8069049119949341 0.33011341094970703 -0.23643310368061066
0.3844180107116699 0.0954274833202362 -0.7792717218399048
0.9101337194442749 0.31900840997695923 -0.2621192932128906
0.36362218856811523 0.028561949729919434 -0.9339348077774048
0.3796199858188629 0.06146153062582016 -0.8578364849090576
0.4514043927192688 0.14702880382537842 -0.6599153876304626
0.7197163105010986 0.29578569531440735 -0.3158344030380249
0.3732087016105652 0.0034052070695906878 -0.9921234846115112
0.9929432272911072 0.3083679974079132 -0.2867310047149658
0.5216156840324402 0.18875420093536377 -0.5634024143218994
0.7827152013778687 0.3082078993320465 -0.28710150718688965
0.6316305994987488 0.2435334026813507 -0.4366959035396576
0.6757106781005859 0.2672717869281769 -0.3817881941795349
0.43606510758399963 0.10687799751758575 -0.7527860999107361
# level 25 31
0.43582260608673096 0.000653228082228452 -0.9984890222549438
0.4387317895889282 0.0431937612593174 -0.9000906944274902
0.5771604776382446 0.2041645050048828 -0.5277575850486755
0.4472281038761139 0.07698868960142136 -0.8219215273857117
0.622870922088623 0.21982020139694214 -0.4915454089641571
0.523094892501831 0.16435720026493073 -0.6198338866233826
0.4869076907634735 0.1233069971203804 -0.7147849202156067
0.7367483973503113 0.27153271436691284 -0.3719322979450226
0.9436379075050354 0.29236018657684326 -0.3237575888633728
0.6948509216308594 0.23506170511245728 -0.4562912881374359
0.8815727233886719 0.2978557050228119 -0.31104639172554016
0.9979628920555115 0.2792845070362091 -0.35400229692459106
0.49395081400871277 0.021420689299702644 -0.9504529237747192
0.7457976937294006 0.246765598654747 -0.4292196035385132
0.6363229155540466 0.19279779493808746 -0.5540493726730347
0.5211899280548096 0.09306169301271439 -0.7847439050674438
0.5025063157081604 0.04901805892586708 -0.8866189122200012
0.6083583831787109 0.17016759514808655 -0.6063941717147827
0.8281425833702087 0.2708841860294342 -0.37343230843544006
0.6872825026512146 0.21166789531707764 -0.5104020833969116
0.5780611038208008 0.14781899750232697 -0.6580876111984253
0.8936923146247864 0.27368348836898804 -0.3669576048851013
0.5703040957450867 0.12377040088176727 -0.7137132287025452
0.5343263745307922 0.0035704560577869415 -0.991741418838501
0.5415093898773193 0.06902428716421127 -0.8403434753417969
0.7449976801872253 0.220619797706604 -0.4896959960460663
0.6721559166908264 0.17298519611358643 -0.599876880645752
0.5537226796150208 0.03538646921515465 -0.9181494116783142
0.5859771966934204 0.09306424856185913 -0.7847378849983215
0.8373762965202332 0.2393120974302292 -0.44645988941192627
0.9987022280693054 0.2505064010620117 -0.4205670952796936
# level 26 30
0.89189612865448 0.24835160374641418 -0.4255512058734894
0.6019182205200195 0.001095962943509221 -0.9974650144577026
0.8012312054634094 0.21414349973201752 -0.5046759247779846
0.6460301280021667 0.14807750284671783 -0.6574897170066833
0.7611911296844482 0.1918136030435562 -0.5563259124755859
0.9988738894462585 0.22115939855575562 -0.48844778537750244
0.600852370262146 0.06563027203083038 -0.8481940031051636
0.6115716099739075 0.031096799299120903 -0.9280716180801392
0.866042971611023 0.21257969737052917 -0.5082929730415344
0.7232180833816528 0.15803490579128265 -0.6344577074050903
0.9326022267341614 0.21962550282478333 -0.49199581146240234
0.6513550281524658 0.12400200217962265 -0.7131773829460144
0.6406117081642151 0.08384884893894196 -0.8060535788536072
0.8441880941390991 0.19072550535202026 -0.5588427186012268
0.6564527153968811 0.05162949115037918 -0.8805785179138184
0.7999830842018127 0.1707834005355835 -0.6049696803092957
0.6747332811355591 2.23430797632318e-05 -0.9999483227729797
0.9751805067062378 0.19526679813861847 -0.5483384728431702
0.6798471808433533 0.02917001023888588 -0.9325283169746399
0.7776731848716736 0.14729970693588257 -0.6592885851860046
0.6957908272743225 0.07524917274713516 -0.8259450197219849
0.9024574160575867 0.18257060647010803 -0.5777055025100708
0.721000075340271 0.09759662300348282 -0.774254322052002
0.7525578141212463 0.12302190065383911 -0.7154446244239807
0.9992905259132385 0.1733790934085846 -0.5989658236503601
0.813423216342926 0.12842780351638794 -0.7029405236244202
0.8690567016601562 0.15093830227851868 -0.650872528553009
0.7547485828399658 0.07672032713890076 -0.8225421905517578
0.7439349889755249 0.04722952842712402 -0.8907557725906372
0.750481128692627 0.018332069739699364 -0.957597017288208
# level 27 18
0.7912523150444031 0.001130377990193665 -0.9973853826522827
0.9413474798202515 0.145700603723526 -0.6629875898361206
0.793357789516449 0.09515192359685898 -0.779909074306488
0.8019415140151978 0.06158385053277016 -0.8575536012649536
0.8063616156578064 0.025875570252537727 -0.9401485919952393
0.8443825244903564 0.10757890343666077 -0.751164972782135
0.9077156782150269 0.12604300677776337 -0.7084565162658691
0.8530939221382141 0.08370544016361237 -0.8063852787017822
0.9997618794441223 0.11274220049381256 -0.7392218708992004
0.8686332106590271 0.03523202985525131 -0.9185066223144531
0.8779339790344238 0.005384886171668768 -0.9875444769859314
0.9108613729476929 0.08899194747209549 -0.7941573262214661
0.8897483944892883 0.06371457874774933 -0.8526250720024109
0.9876695871353149 0.08632727712392807 -0.8003209233283997
0.9485129714012146 0.06760063022375107 -0.8436365127563477
0.9294726252555847 0.039097659289836884 -0.9095653295516968
0.9967482089996338 0.04950835183262825 -0.8854848146438599
0.9962862133979797 0.005137193016707897 -0.988117516040802
