# level 0 30
0.21172049641609192 -0.167939692735672 0.9596862196922302
0.21172049641609192 -0.167939692735672 0.9596862196922302
0.21172049641609192 -0.167939692735672 0.9596862196922302
0.21172049641609192 -0.167939692735672 0.9596862196922302
0.21172049641609192 -0.167939692735672 0.9596862196922302
0.21172049641609192 -0.167939692735672 0.9596862196922302
0.21172049641609192 -0.167939692735672 0.9596862196922302
0.21172049641609192 -0.167939692735672 0.9596862196922302
0.21172049641609192 -0.167939692735672 0.9596862196922302
0.21172049641609192 -0.167939692735672 0.9596862196922302
0.21172049641609192 -0.167939692735672 0.9596862196922302
0.21172049641609192 -0.167939692735672 0.9596862196922302
0.21172049641609192 -0.167939692735672 0.9596862196922302
0.21172049641609192 -0.167939692735672 0.9596862196922302
0.21172049641609192 -0.167939692735672 0.9596862196922302
0.21172049641609192 -0.167939692735672 0.9596862196922302
0.21172049641609192 -0.167939692735672 0.9596862196922302
0.21172049641609192 -0.167939692735672 0.9596862196922302
0.21172049641609192 -0.167939692735672 0.9596862196922302
0.21172049641609192 -0.167939692735672 0.9596862196922302
0.21172049641609192 -0.167939692735672 0.9596862196922302
0.21172049641609192 -0.167939692735672 0.9596862196922302
0.21172049641609192 -0.167939692735672 0.9596862196922302
0.21172049641609192 -0.167939692735672 0.9596862196922302
0.21172049641609192 -0.167939692735672 0.9596862196922302
0.21172049641609192 -0.167939692735672 0.9596862196922302
0.21172049641609192 -0.167939692735672 0.9596862196922302
0.21172049641609192 -0.167939692735672 0.9596862196922302
0.21172049641609192 -0.167939692735672 0.9596862196922302
0.21172049641609192 -0.167939692735672 0.9596862196922302
# level 1 36
0.246978297829628 -0.07361018657684326 0.9623922109603882
0.14272350072860718 -0.0872230976819992 0.9826654195785522
0.09539993852376938 -0.18395380675792694 0.9747031927108765
0.23160119354724884 -0.29002508521080017 0.926739513874054
0.31461089849472046 -0.21774320304393768 0.9200208187103271
0.33685219287872314 -0.1177733987569809 0.9323800206184387
0.20453159511089325 0.020876219496130943 0.9753475785255432
0.32751891016960144 -0.31984689831733704 0.8852158784866333
0.11415860056877136 -0.32238689064979553 0.9367300271987915
0.04322301968932152 -0.06662234663963318 0.9936496019363403
0.41773590445518494 -0.15694430470466614 0.8919805884361267
0.20908929407596588 -0.38523149490356445 0.8960325121879578
0.023478399962186813 -0.2743605077266693 0.957794725894928
0.38257449865341187 -0.02079978957772255 0.9214364290237427
-0.030227040871977806 -0.13574260473251343 0.9866551756858826
0.09234654158353806 0.034141890704631805 0.9918805956840515
0.28427019715309143 0.08370420336723328 0.9517015814781189
0.29950469732284546 -0.42258420586586 0.8510565757751465
-0.021639710292220116 0.011888120323419571 0.9981461763381958
-0.06761586666107178 -0.23864440619945526 0.9668583273887634
0.08881635963916779 -0.42036038637161255 0.8999351263046265
0.4013567864894867 -0.3697681128978729 0.8352056741714478
0.13291940093040466 0.12307269871234894 0.9808124899864197
0.47375160455703735 -0.03379214182496071 0.8761091828346252
0.3793294131755829 0.08449050784111023 0.9174631237983704
0.4897480010986328 -0.22189490497112274 0.839756429195404
0.5084713101387024 -0.12598229944705963 0.8476157188415527
0.2091362029314041 -0.4820486903190613 0.8468561768531799
-0.048780880868434906 -0.36907118558883667 0.9258617758750916
0.017160819843411446 0.10858020186424255 0.9916077256202698
-0.11988169699907303 -0.022741379216313362 0.9892719984054565
-0.15535789728164673 -0.14912429451942444 0.9730600118637085
0.4691230058670044 0.07458265870809555 0.876259982585907
0.29370591044425964 0.1873621940612793 0.9337741732597351
0.19708320498466492 0.19718770682811737 0.9573678970336914
-0.0019185630371794105 -0.4585973024368286 0.8871291875839233
# level 2 37
0.06446661055088043 0.2034820020198822 0.9744582772254944
-0.07846934348344803 0.12947620451450348 0.9853935241699219
0.554634690284729 0.013862529769539833 0.8290491104125977
0.2582646906375885 0.28116971254348755 0.9214332103729248
0.4002842903137207 0.22363470494747162 0.8849862813949585
0.11449749767780304 -0.5168746113777161 0.8443639874458313
-0.17551060020923615 -0.25562968850135803 0.9478551745414734
0.1393388956785202 0.2789964973926544 0.9468287229537964
0.5296739935874939 -0.29806259274482727 0.7899265885353088
0.5979756116867065 -0.17576910555362701 0.7782604098320007
-0.19334149360656738 0.057958558201789856 0.9759594202041626
-0.24044080078601837 -0.07868020236492157 0.963668704032898
0.4816682040691376 -0.41577109694480896 0.7661970257759094
0.5679057240486145 0.12822900712490082 0.8106390833854675
-0.0546402707695961 -0.5335906147956848 0.8402947187423706
0.50314861536026 0.21529139578342438 0.8328617811203003
0.29439058899879456 -0.5642820000648499 0.7671682834625244
0.6372740268707275 -0.08653432130813599 0.7610520124435425
0.40929660201072693 -0.5013428926467896 0.7575982809066772
0.03491653874516487 -0.5705441236495972 0.8169649839401245
-0.08615516126155853 0.23437899351119995 0.9663165807723999
-0.17294879257678986 -0.4325545132160187 0.8817443251609802
0.36647170782089233 0.32235848903656006 0.868549108505249
-0.28709080815315247 -0.1761188954114914 0.9380161762237549
0.6144853830337524 -0.2741926908493042 0.7366123795509338
-0.18064220249652863 0.16869759559631348 0.966278612613678
0.6275960803031921 0.05281868949532509 0.7730625867843628
0.21002569794654846 -0.6149759888648987 0.7581552863121033
0.2051175981760025 0.3883061110973358 0.8954045176506042
0.09269119799137115 0.37678131461143494 0.9193770885467529
0.4627383053302765 0.30995649099349976 0.8261495232582092
-0.2879854142665863 -0.32865530252456665 0.8965423107147217
-0.33446380496025085 -0.03372880071401596 0.9388020038604736
-0.15332579612731934 -0.5226545929908752 0.8337035775184631
-0.015005810186266899 0.3600058853626251 0.9312906861305237
0.3876056969165802 -0.5841192007064819 0.709282398223877
0.09948188066482544 -0.6489158272743225 0.7498252987861633
# level 3 37
0.5613840222358704 0.2751103937625885 0.7757198214530945
-0.12865500152111053 0.3289279043674469 0.9318581819534302
0.6265435814857483 0.19640040397644043 0.7496833801269531
0.27054721117019653 0.45516979694366455 0.8436713218688965
-0.2958798110485077 0.11535380035638809 0.94545978307724
0.38927149772644043 0.4218128025531769 0.8163815140724182
0.7070174217224121 -0.12257940322160721 0.694320023059845
0.16522470116615295 0.48632168769836426 0.8566625714302063
0.6357750296592712 -0.3633630871772766 0.6754891872406006
-0.040678251534700394 -0.6442590951919556 0.7589331865310669
-0.23032790422439575 0.27953851222991943 0.9290195107460022
0.6973810195922852 0.11642719805240631 0.7054858207702637
-0.27497050166130066 -0.46232691407203674 0.8389955163002014
-0.006905124057084322 0.47828561067581177 0.8761823773384094
0.5093312859535217 0.3973073959350586 0.7595242261886597
0.2951107919216156 -0.6645268201828003 0.6819769740104675
-0.10725089907646179 0.41924890875816345 0.8990936279296875
0.5775821208953857 -0.4536825120449066 0.6729583740234375
-0.4048123061656952 -0.1571597009897232 0.8979020118713379
-0.3044950067996979 0.21522440016269684 0.9257848858833313
0.7043259143829346 -0.2804161012172699 0.6478531956672668
0.7414594292640686 -0.01676378957927227 0.6687150001525879
0.4815674126148224 -0.5871973037719727 0.646636426448822
-0.4321196973323822 -0.061998650431632996 0.8959978818893433
-0.35970190167427063 -0.3811914920806885 0.8466976881027222
-0.4071674942970276 -0.2597087025642395 0.87199467420578
-0.1823071986436844 -0.6245980858802795 0.7558767199516296
0.607976496219635 0.3574432134628296 0.7030798196792603
0.225307896733284 -0.7266821265220642 0.6453726291656494
0.08314605057239532 0.5380995273590088 0.8339195251464844
-0.4428749978542328 0.04042347893118858 0.8929222226142883
0.7582656741142273 -0.20241740345954895 0.6151013970375061
0.005669231992214918 -0.731219470500946 0.6765919923782349
-0.20452770590782166 0.4178606867790222 0.880996823310852
0.35365989804267883 0.5286663770675659 0.7677239179611206
0.2449944019317627 0.5568237900733948 0.7898097038269043
0.3895837068557739 -0.6961231827735901 0.6003748774528503
# level 4 37
-0.09654481709003448 0.5111656188964844 0.849797785282135
-0.3153732120990753 0.32228049635887146 0.889133870601654
0.6848344802856445 0.29513019323349 0.6609674096107483
0.7567887902259827 0.1539846956729889 0.6303151845932007
0.6827741861343384 -0.40863850712776184 0.6014167070388794
0.7922434210777283 -0.06871286779642105 0.6010056734085083
-0.44131869077682495 0.14090129733085632 0.8849391937255859
0.5702806711196899 0.4708392918109894 0.6682943105697632
0.5727431774139404 -0.544769287109375 0.6088387966156006
0.48826470971107483 0.5212252736091614 0.6959412097930908
0.1699153035879135 0.6320918798446655 0.7528082728385925
0.7685515284538269 -0.2874946892261505 0.5656080842018127
0.7948917150497437 0.034064240753650665 0.6004601716995239
0.29248741269111633 0.6217194199562073 0.7225332260131836
-0.3116266131401062 0.42921480536460876 0.8428499102592468
-0.518437385559082 -0.10803409665822983 0.8446388840675354
-0.4515605866909027 -0.3369024097919464 0.8232033252716064
-0.5194510817527771 -0.003180955071002245 0.8493170738220215
0.6503552198410034 0.4208190143108368 0.6281012296676636
-0.04882394149899483 0.6018118262290955 0.792212724685669
-0.40837129950523376 0.3119080066680908 0.8562850952148438
-0.24088789522647858 0.5265172719955444 0.8133063912391663
0.5096135139465332 -0.6473702788352966 0.5607830882072449
-0.34869349002838135 -0.5453537106513977 0.7575250267982483
0.04642841964960098 0.6548931002616882 0.7498456835746765
-0.5210267901420593 0.10053370147943497 0.8438593149185181
0.07355041056871414 -0.7793489098548889 0.6174492835998535
0.2948356866836548 -0.7687911987304688 0.5627915263175964
0.7651181817054749 0.2484506070613861 0.5893964171409607
-0.4153071939945221 -0.4699661135673523 0.7765387296676636
-0.2680026888847351 -0.6524012088775635 0.7034717202186584
-0.11398299783468246 -0.7527806758880615 0.6439164876937866
0.3920300006866455 -0.7571572065353394 0.5177791714668274
0.7496424913406372 -0.39966800808906555 0.5248594284057617
0.6481155157089233 -0.5329403281211853 0.5385637283325195
-0.5497034192085266 -0.20775370299816132 0.8061618208885193
0.8526989221572876 -0.12436850368976593 0.5037680268287659
# level 5 36
0.6210479140281677 0.5073578953742981 0.5920686721801758
0.8517035245895386 -0.02260144054889679 0.5174229145050049
-0.17617949843406677 0.599825918674469 0.7753210067749023
0.5410630702972412 0.5637639164924622 0.6195334792137146
-0.5011315941810608 0.2398332953453064 0.8269466757774353
0.7547169923782349 0.35397881269454956 0.5478708744049072
0.22233839333057404 0.6929544806480408 0.6843624114990234
-0.4240835905075073 0.41182321310043335 0.8028591871261597
0.8371825814247131 -0.2447662055492401 0.4848293960094452
-0.6007686257362366 0.062454961240291595 0.793229877948761
0.31899920105934143 0.683883786201477 0.6504638195037842
0.8285894989967346 0.2372307926416397 0.5041636228561401
-0.48871171474456787 0.33600088953971863 0.8014954924583435
-0.1167633980512619 0.6655145287513733 0.7323625087738037
0.5880783796310425 -0.6314747929573059 0.5007715225219727
0.42515289783477783 0.6395233273506165 0.6351794004440308
0.10891330242156982 0.717517614364624 0.6846001744270325
-0.5468621850013733 -0.32702410221099854 0.7665945887565613
-0.5790460109710693 0.17080460488796234 0.7922744154930115
-0.624029815196991 -0.058482781052589417 0.7740800976753235
0.8569530248641968 0.14206309616565704 0.4925644099712372
-0.5041956901550293 -0.44291800260543823 0.7369797229766846
-0.20798520743846893 -0.725054919719696 0.6507431864738464
-0.3140847980976105 0.5886635780334473 0.7401862144470215
0.4924660921096802 -0.7227876782417297 0.4800876975059509
0.7260417938232422 0.454669713973999 0.5100709795951843
0.897257387638092 -0.06648614257574081 0.4283674955368042
-0.41333189606666565 -0.5955055952072144 0.6838766932487488
-0.6332231163978577 -0.1725499927997589 0.7503774166107178
-0.398239403963089 0.5243828892707825 0.7478957772254944
0.3182756006717682 -0.8180466294288635 0.4729123115539551
-0.3517189025878906 -0.6737927198410034 0.645270586013794
0.8264387249946594 -0.38150501251220703 0.40785789489746094
-0.07641314715147018 -0.8210740089416504 0.5598083138465881
-0.22287020087242126 0.6626278162002563 0.7118949294090271
0.6172431111335754 0.5814164876937866 0.5264586210250854
# level 6 37
-0.5737965703010559 0.27517640590667725 0.7676001787185669
0.49904170632362366 0.649375319480896 0.5685622096061707
0.8332644104957581 0.3195124864578247 0.44467151165008545
-0.5272728800773621 0.43311750888824463 0.7261558771133423
0.19430199265480042 0.7604840993881226 0.6137471199035645
0.9002218842506409 0.05780753865838051 0.42369380593299866
-0.6922094821929932 0.06398116797208786 0.7134264707565308
-0.6977875232696533 -0.09044285863637924 0.7047147154808044
0.8816742897033691 0.20326949656009674 0.4188013970851898
0.40601229667663574 0.7143629193305969 0.5647670030593872
0.7948253154754639 0.42476728558540344 0.4264349043369293
-0.6713244915008545 0.199884295463562 0.710159182548523
-0.5902519226074219 -0.4132966995239258 0.6906300187110901
0.8942121863365173 -0.18927380442619324 0.4006476104259491
-0.4847679138183594 0.5270935297012329 0.6962730288505554
-0.03729613870382309 0.7589001059532166 0.6466478705406189
-0.17021100223064423 0.7470728158950806 0.6403964757919312
-0.6898413896560669 -0.21947379410266876 0.6845927834510803
0.5434619188308716 0.6847395896911621 0.47922009229660034
-0.2787773013114929 -0.7546619176864624 0.5877997279167175
0.7015848159790039 0.5770869851112366 0.41278138756752014
-0.6553791165351868 -0.319863498210907 0.6810644268989563
0.09829624742269516 0.7987511157989502 0.5906665921211243
-0.4000509977340698 0.6451727151870728 0.6463778018951416
-0.5355337858200073 -0.533591091632843 0.6496545076370239
0.6292458176612854 0.6425266861915588 0.42920321226119995
0.22369730472564697 -0.8357213139533997 0.49440211057662964
0.6655123233795166 -0.6202694177627563 0.41048920154571533
-0.30932629108428955 0.7156019806861877 0.624563992023468
-0.18674160540103912 -0.8018680810928345 0.561184287071228
0.01786837913095951 -0.8386151194572449 0.539332926273346
0.12569239735603333 -0.8380743861198425 0.5258030295372009
0.9360839128494263 0.001972443889826536 0.34222960472106934
0.5196468234062195 -0.7582430839538574 0.38687941431999207
0.7593492865562439 -0.5111479163169861 0.39434748888015747
0.938237190246582 -0.10366480052471161 0.3242301046848297
0.28081709146499634 0.8035690784454346 0.518966794013977
# level 7 35
0.40906670689582825 0.7743415236473083 0.47998639941215515
0.17810750007629395 0.8233922719955444 0.5320711135864258
0.9000232815742493 0.26070308685302734 0.33978331089019775
-0.7510824799537659 -0.15074419975280762 0.63800048828125
0.8523715734481812 0.3879610002040863 0.3424682915210724
-0.7602683901786804 -0.03559881076216698 0.6435648798942566
-0.5758317708969116 0.4838118851184845 0.6540722846984863
-0.48824578523635864 0.5993074774742126 0.6289181113243103
-0.6376866102218628 0.3806692063808441 0.6643335223197937
0.5003572702407837 0.7607595920562744 0.40595731139183044
0.7639666795730591 0.5427312254905701 0.33798378705978394
-0.09472666680812836 0.8043063282966614 0.5804517269134521
-0.7576395869255066 0.11471489816904068 0.63894122838974
-0.004421948920935392 0.8308603167533875 0.5519729256629944
-0.7356424927711487 0.23590749502182007 0.6320548057556152
-0.4489501118659973 -0.6812642216682434 0.5725494027137756
-0.7457494139671326 -0.27363210916519165 0.6025242805480957
0.9212977290153503 -0.2343418002128601 0.29863399267196655
-0.06807847321033478 -0.8729556798934937 0.4755258858203888
-0.6620392799377441 -0.44423508644104004 0.598511815071106
0.6778830885887146 0.6619170904159546 0.31152889132499695
0.4073685109615326 -0.8255335092544556 0.3817436993122101
0.9563084840774536 0.0928458422422409 0.26411768794059753
-0.29235419631004333 -0.8112605214118958 0.5014148950576782
0.9666606187820435 -0.06515686959028244 0.23461000621318817
0.05447522923350334 -0.8884863257408142 0.4477885961532593
0.8265768885612488 0.4730694890022278 0.29276248812675476
0.882600724697113 -0.3308933973312378 0.3231154978275299
0.6242275834083557 -0.6988089084625244 0.34146058559417725
-0.5333759188652039 -0.6257724761962891 0.5630524158477783
0.9402192831039429 0.19651170074939728 0.26644378900527954
0.06517509371042252 0.8657839894294739 0.49094700813293457
0.5603734850883484 0.7567647099494934 0.3254418969154358
0.14895099401474 -0.8961399793624878 0.4092203974723816
-0.2812553942203522 0.7983716726303101 0.5296440720558167
# level 8 34
0.9061949849128723 0.32533010840415955 0.26303520798683167
-0.6511613130569458 0.470923513174057 0.5920944213867188
-0.7261729836463928 0.33081358671188354 0.5996510982513428
0.7955145835876465 0.5510894060134888 0.24063049256801605
-0.8058928847312927 -0.17785529792308807 0.558975875377655
0.18703550100326538 0.8819683194160461 0.4243561029434204
-0.7972341179847717 0.17603759467601776 0.5718396902084351
-0.8224536776542664 0.015817789360880852 0.5631458163261414
0.289000004529953 0.8649027943611145 0.40329229831695557
-0.17178060114383698 -0.8852838277816772 0.42636680603027344
-0.7328969836235046 -0.38593560457229614 0.5552036166191101
0.6306970119476318 0.7317274808883667 0.24526740610599518
-0.1637618988752365 0.8442106246948242 0.5054982900619507
-0.4281628131866455 -0.7613378763198853 0.4806568920612335
0.25259459018707275 -0.8921117186546326 0.36647680401802063
-0.5988085865974426 0.5796319842338562 0.5471959710121155
-0.4311194121837616 0.7238746881484985 0.5329902768135071
-0.52916419506073 0.6566573977470398 0.5321856737136841
0.0843605324625969 -0.9326788187026978 0.34439098834991455
0.46231359243392944 0.8343368172645569 0.28963789343833923
-0.09144900739192963 -0.9206464290618896 0.373694509267807
0.9804025292396545 0.03220618888735771 0.17920079827308655
0.8821645975112915 0.4216527044773102 0.18939410150051117
0.9629368782043457 -0.17700310051441193 0.19085370004177094
-0.32860028743743896 -0.8448560237884521 0.4162980020046234
0.9379361867904663 0.28731781244277954 0.17462779581546783
-0.08268134295940399 0.88543301820755 0.4501259922981262
0.5115587711334229 -0.804055392742157 0.2911357879638672
-0.6463044881820679 -0.5620238184928894 0.5096887946128845
0.10151410102844238 0.9143642783164978 0.386564701795578
0.7449411153793335 0.6354274749755859 0.18608860671520233
-0.7943379878997803 0.2873849868774414 0.5305578112602234
0.7900077104568481 -0.5281131267547607 0.3013908863067627
0.41697290539741516 -0.8586794137954712 0.2884592115879059
# level 9 31
0.1728753000497818 -0.9354947805404663 0.29888761043548584
-0.01471463032066822 -0.945297122001648 0.315216988325119
-0.7586947083473206 0.3982900083065033 0.5112249255180359
0.33002519607543945 -0.9020001888275146 0.2689085900783539
-0.21197399497032166 -0.9129768013954163 0.3367699086666107
-0.8516607284545898 0.10910270363092422 0.508259117603302
0.34577658772468567 0.8852983713150024 0.30318018794059753
0.5965099930763245 -0.7549393773078918 0.26423341035842896
0.9715657234191895 0.18297219276428223 0.1279768943786621
0.8288449048995972 0.5392289161682129 0.13177640736103058
-0.821655809879303 -0.2756653130054474 0.4973522126674652
-0.20072990655899048 0.8861392140388489 0.41564878821372986
-0.3767853081226349 0.7947546243667603 0.4703249931335449
-0.8619300723075867 -0.049669358879327774 0.4981553852558136
-0.7266368865966797 -0.4684787094593048 0.495362788438797
-0.4391758143901825 -0.8067358732223511 0.3882634937763214
0.9438297152519226 -0.2710076868534088 0.17057590186595917
-0.5088819861412048 0.7305564284324646 0.4486100971698761
0.23222489655017853 0.9274104237556458 0.28174281120300293
-0.07349053025245667 0.9305247068405151 0.35065850615501404
0.8478518724441528 -0.45838791131973267 0.2547130882740021
-0.2898578941822052 0.8452348709106445 0.43965739011764526
0.5686197876930237 0.8007287979125977 0.16804289817810059
-0.6267533898353577 0.6370611786842346 0.4429720938205719
-0.8641499280929565 -0.1720913052558899 0.46629539132118225
-0.3265017867088318 -0.8855571746826172 0.32042211294174194
0.6722583770751953 0.7250537276268005 0.12616589665412903
0.11059640347957611 0.9466211795806885 0.29161471128463745
0.9909452199935913 0.07737141102552414 0.09037607163190842
0.7475265264511108 -0.6060032844543457 0.25819191336631775
0.5334820747375488 -0.8194910287857056 0.19215740263462067
# level 10 30
0.24778740108013153 -0.9400566220283508 0.21980020403862
0.11523240059614182 -0.9673197865486145 0.21564289927482605
0.4407128095626831 -0.8791546821594238 0.1609462946653366
0.6952241063117981 -0.6803532838821411 0.21558399498462677
0.005426841787993908 -0.973626971244812 0.21592199802398682
-0.8435373902320862 0.2981885075569153 0.43846678733825684
-0.6946526169776917 0.5570060014724731 0.44985899329185486
-0.44564560055732727 0.8019645810127258 0.3916068971157074
-0.8978387117385864 0.026971060782670975 0.4308033883571625
-0.1344567984342575 -0.9589396715164185 0.23838269710540771
-0.26421889662742615 -0.9268087148666382 0.25482410192489624
0.9581598043441772 0.2725580930709839 0.04901063069701195
-0.866676390171051 -0.27580949664115906 0.4075374901294708
0.34457480907440186 -0.9211910963058472 0.16479900479316711
0.9210110902786255 0.37437859177589417 0.056617818772792816
-0.01549299992620945 0.9588155150413513 0.2764205038547516
0.8084465861320496 -0.5454229116439819 0.20328989624977112
-0.9081549048423767 -0.10267999768257141 0.4025638997554779
-0.563109815120697 -0.6920650005340576 0.4439164102077484
0.8769031763076782 0.47261351346969604 0.04580549895763397
0.9086710214614868 -0.37633928656578064 0.16882500052452087
-0.7991102933883667 -0.4200133979320526 0.42203080654144287
0.9851002097129822 0.16394279897212982 0.015741949900984764
0.4599654972553253 0.8692867159843445 0.1606636941432953
0.9746037125587463 -0.1975218951702118 0.0737074464559555
-0.8831527829170227 0.19872349500656128 0.4196459949016571
-0.5937414169311523 0.7122102975845337 0.3714008927345276
-0.6407291889190674 -0.6277567148208618 0.43507489562034607
-0.3353993892669678 0.8782159090042114 0.3301672041416168
0.6331707239151001 -0.7617123126983643 0.13184760510921478
# level 11 33
0.2554576098918915 -0.9575750231742859 0.11816830188035965
0.1536514014005661 -0.97672438621521 0.12540550529956818
0.5489869117736816 -0.8275244832038879 0.09495420753955841
-0.07166582345962524 -0.9854140877723694 0.14924359321594238
-0.9184780716896057 0.11617080122232437 0.3701913058757782
0.8597959280014038 -0.4847041964530945 0.1459013968706131
0.04016882926225662 -0.9915105104446411 0.10253740102052689
0.7562484741210938 -0.6396058797836304 0.12894980609416962
0.4744434952735901 -0.8754922151565552 0.05171642079949379
0.3343017101287842 -0.9380431771278381 0.05233151093125343
0.9392191767692566 -0.32271629571914673 0.08142469078302383
0.8271728157997131 0.5567932724952698 0.014717929996550083
-0.527984619140625 -0.7681174874305725 0.35254719853401184
0.9971398711204529 0.032631680369377136 -0.006008489988744259
-0.7955278754234314 0.45852071046829224 0.38864991068840027
0.9034798741340637 0.42075058817863464 -0.03655574843287468
-0.16588479280471802 0.9437136054039001 0.2790316939353943
-0.5402132272720337 0.7767515182495117 0.3134183883666992
-0.8907561898231506 0.2951675057411194 0.33451488614082336
0.7601035833358765 0.6422573924064636 0.03750842064619064
-0.675334095954895 0.6575372219085693 0.3241724967956543
-0.7184165716171265 -0.583204984664917 0.3727549910545349
0.6976016163825989 -0.7079737782478333 0.06526853889226913
-0.3696311116218567 -0.9031398296356201 0.1999046951532364
-0.609722912311554 -0.7078167200088501 0.35177719593048096
0.9932801723480225 -0.07795514166355133 0.01781708002090454
0.35002589225769043 0.9185780882835388 0.16846700012683868
-0.8525335192680359 -0.4011420011520386 0.32469019293785095
-0.4575654864311218 0.8444470167160034 0.27547571063041687
-0.29180869460105896 -0.9411671757698059 0.14758819341659546
0.9371743202209473 0.33183491230010986 -0.07408922910690308
-0.48881208896636963 -0.8232805728912354 0.2789297103881836
0.053538478910923004 0.979240894317627 0.17797739803791046
# level 12 30
0.1772473007440567 -0.9817470908164978 0.028073759749531746
0.4153009057044983 -0.9057307839393616 -0.02481801062822342
0.5658677816390991 -0.8220676779747009 -0.006686441134661436
0.8150755763053894 -0.5665379762649536 0.07998859882354736
-0.0435398705303669 -0.9944431781768799 0.04379098862409592
0.8994004726409912 -0.4229249060153961 0.06920838356018066
-0.1554664969444275 -0.9813727736473083 0.06878755986690521
-0.9271007776260376 0.1949051022529602 0.31091809272766113
0.9868528246879578 0.11596880108118057 -0.07970509678125381
0.971734881401062 -0.21797169744968414 -0.023654840886592865
0.6429535150527954 -0.7602872252464294 -0.03743579983711243
0.8606042265892029 0.4963495135307312 -0.09438306838274002
-0.37246719002723694 0.8923565745353699 0.23681800067424774
0.9693347215652466 0.21168850362300873 -0.09825976938009262
0.03378361836075783 -0.9961565732955933 -0.02435372956097126
-0.7630683183670044 0.5471773743629456 0.3336581885814667
-0.07190228253602982 0.9768893718719482 0.1862637996673584
-0.8008984923362732 -0.4910396933555603 0.34078899025917053
-0.8646737933158875 0.3903563916683197 0.3053114116191864
0.6691426038742065 0.7380238175392151 0.0236384104937315
0.2479224056005478 0.9522495865821838 0.16246269643306732
-0.6527993083000183 0.7141317129135132 0.24384920299053192
-0.5561032295227051 -0.8008462190628052 0.2107446938753128
0.7190229892730713 -0.6891632080078125 -0.05084133893251419
0.29647618532180786 -0.945856511592865 -0.09299483895301819
-0.5748019218444824 0.785946786403656 0.21559900045394897
0.8009783029556274 0.5857936143875122 -0.0880102813243866
0.9913887977600098 -0.02104327082633972 -0.09078525751829147
-0.4814552068710327 -0.8606052994728088 0.1472170054912567
0.48726901412010193 -0.8634284138679504 -0.09906622767448425
# level 13 31
0.580155074596405 -0.8035004138946533 -0.10497190058231354
0.8779230117797852 -0.47462019324302673 -0.011506189592182636
0.16576389968395233 -0.9770342111587524 -0.09830593317747116
0.7869585156440735 -0.6113095283508301 -0.04571745917201042
0.9858641028404236 -0.1257288008928299 -0.07312373071908951
0.9464951753616333 -0.30751511454582214 -0.056444428861141205
0.9100676774978638 0.37373480200767517 -0.162568598985672
0.943505585193634 0.27332690358161926 -0.17147080600261688
-0.7296401858329773 0.6326798796653748 0.24561789631843567
0.061684489250183105 -0.9892109036445618 -0.12200269848108292
0.44576820731163025 -0.8691105246543884 -0.1937192976474762
-0.4948154091835022 0.8480262756347656 0.1736598014831543
-0.1453222930431366 -0.9845994710922241 -0.05539799854159355
0.23801329731941223 -0.9531909823417664 -0.17256669700145721
0.7583749890327454 -0.6349648237228394 -0.13707050681114197
-0.27101930975914 -0.9598165154457092 0.007274966221302748
-0.24510470032691956 0.9446129202842712 0.200674906373024
0.9582629203796387 0.17656199634075165 -0.2070385068655014
-0.6492710709571838 -0.7193168997764587 0.23803940415382385
0.8283196091651917 0.5192828178405762 -0.19233480095863342
-0.4011434018611908 -0.9096922278404236 0.0611073300242424
0.6831026077270508 -0.701546311378479 -0.18902820348739624
-0.8000897169113159 0.5460156202316284 0.2401224970817566
0.33746078610420227 -0.9140244126319885 -0.2088858038187027
-0.7147576808929443 -0.6337035894393921 0.28468820452690125
0.9615098834037781 -0.2347331941127777 -0.1404729038476944
-0.9586951732635498 0.01072304043918848 0.2811354100704193
0.7135649919509888 0.6900479197502136 -0.08838077634572983
-0.9064968228340149 0.3482885956764221 0.22484369575977325
0.9734609723091125 -0.01410622987896204 -0.20945680141448975
-0.05727243050932884 -0.989491879940033 -0.12346470355987549
# level 14 31
0.8524355888366699 -0.5094391107559204 -0.11075939983129501
0.6019930243492126 -0.7657017707824707 -0.21223929524421692
0.9743508100509644 -0.11310949921607971 -0.17785640060901642
0.893966794013977 -0.4170531928539276 -0.1434665024280548
0.8789561986923218 0.3957192003726959 -0.25539541244506836
0.9266229271888733 0.23402880132198334 -0.2829630970954895
0.9585512280464172 0.07137583196163177 -0.2610574960708618
0.380892813205719 -0.8738610744476318 -0.2895979881286621
0.7569708824157715 0.6248865723609924 -0.17388209700584412
-0.7063382267951965 0.6885254979133606 0.14184489846229553
-0.6373460292816162 0.7606179118156433 0.12017130106687546
-0.8565722703933716 0.45841678977012634 0.22828270494937897
0.279194712638855 -0.913443922996521 -0.29045841097831726
0.7589492797851562 -0.5965449213981628 -0.2508294880390167
-0.6223127245903015 -0.7723634839057922 0.1133882999420166
-0.9519835710525513 -0.10215839743614197 0.2776235044002533
-0.5399907231330872 0.8334621787071228 0.08516170084476471
0.13257360458374023 -0.9526336789131165 -0.2714189887046814
0.9183992147445679 -0.3193644881248474 -0.223506897687912
-0.36587458848953247 -0.9254146814346313 -0.0590406209230423
0.8227890729904175 -0.5172421932220459 -0.22021840512752533
-0.9184489846229553 -0.2529982030391693 0.2926549017429352
-0.2751762866973877 -0.9521281123161316 -0.1082409992814064
0.6879674792289734 -0.6586741805076599 -0.29511430859565735
0.03452495113015175 -0.9630464911460876 -0.2590782940387726
0.5565316081047058 0.8264979720115662 0.04353195056319237
-0.4227293133735657 0.8983054161071777 0.08486670255661011
-0.7827814221382141 0.6049463152885437 0.12336300313472748
0.6148390173912048 0.7838662266731262 -0.04750186949968338
0.8252090811729431 0.47351381182670593 -0.29942360520362854
0.9306179881095886 0.14251810312271118 -0.3276996910572052
# level 15 30
0.8832386136054993 0.3193795084953308 -0.33379530906677246
0.8744810223579407 -0.4071328043937683 -0.25437578558921814
0.9385905265808105 0.002360967919230461 -0.3341445028781891
0.9442493915557861 -0.09337478876113892 -0.3026956021785736
0.5273975729942322 -0.7813339829444885 -0.3235352039337158
0.9236443042755127 -0.23727400600910187 -0.28924649953842163
0.7656952738761902 -0.5408229827880859 -0.33845821022987366
0.8356096148490906 0.4001671075820923 -0.36971959471702576
-0.6245635747909546 0.7772151827812195 0.009060671553015709
0.6958416104316711 0.6779919862747192 -0.23021739721298218
-0.8460243940353394 0.5210134983062744 0.10192149877548218
0.7423815131187439 0.5988476276397705 -0.2915234863758087
-0.45607221126556396 -0.8864622712135315 -0.036049868911504745
0.3712644875049591 -0.8430235981941223 -0.3847076892852783
0.8901175260543823 0.17831289768218994 -0.4128457009792328
-0.7593626976013184 0.6440814137458801 0.03655834123492241
-0.5537155270576477 -0.8273993730545044 0.04387950152158737
-0.8977168798446655 0.4164333939552307 0.12309720367193222
-0.26526838541030884 0.9558516144752502 0.09444797039031982
0.6357213854789734 -0.6625856161117554 -0.3880927860736847
-0.9416226744651794 0.29430779814720154 0.14386869966983795
-0.17062219977378845 -0.9575213193893433 -0.22332249581813812
0.16977599263191223 -0.9082615971565247 -0.3746151030063629
0.4634541869163513 0.8842201828956604 0.01985674910247326
-0.06631527096033096 -0.9477078914642334 -0.3003675043582916
-0.8021233081817627 -0.5555664896965027 0.2094314992427826
-0.9711285829544067 0.14261120557785034 0.16934560239315033
0.8801289200782776 -0.3117434084415436 -0.34844011068344116
-0.2684467136859894 -0.9383100867271423 -0.20511800050735474
-0.02787798084318638 0.9926440119743347 0.08455242216587067
# level 16 30
0.8973193764686584 0.03383653983473778 -0.43184781074523926
0.7558289170265198 0.5291184782981873 -0.3765903115272522
0.5529285073280334 -0.7261422276496887 -0.40050721168518066
0.8301358222961426 -0.3933837115764618 -0.3878132104873657
0.8429332971572876 0.2691659927368164 -0.45935970544815063
0.6991230249404907 -0.5681285262107849 -0.4269059896469116
-0.8968520760536194 0.43791648745536804 0.022936830297112465
0.8807963132858276 -0.2291875034570694 -0.41102808713912964
0.258832186460495 -0.8672680258750916 -0.41679060459136963
0.893845796585083 -0.09919018298387527 -0.4324794113636017
0.8041918277740479 0.36850589513778687 -0.4600161910057068
-0.42527228593826294 -0.8891668915748596 -0.14879609644412994
-0.15314869582653046 0.9804481267929077 0.08238056302070618
0.0038444879464805126 -0.9236850738525391 -0.37502720952033997
0.8654156923294067 0.11353819817304611 -0.4826785922050476
-0.9808487296104431 0.034717001020908356 0.17077510058879852
-0.16359280049800873 -0.9302598834037781 -0.31853291392326355
-0.9378697276115417 0.337504506111145 0.03913550078868866
0.6744669079780579 0.6517919898033142 -0.3384320139884949
0.7665265202522278 0.4577485918998718 -0.4429844915866852
-0.7148454785346985 0.692034900188446 -0.056904908269643784
0.7568042278289795 -0.4843783974647522 -0.4315662086009979
-0.9655749201774597 0.2340897023677826 0.06958475708961487
0.5087285041809082 0.8532012104988098 -0.07493841648101807
-0.8503633141517639 0.5190243124961853 -0.01391103956848383
-0.3939434885978699 0.9153730273246765 -0.014283659867942333
0.6057667136192322 0.7616931200027466 -0.21544359624385834
0.17437009513378143 0.9772114753723145 0.08905904740095139
-0.5338326096534729 -0.8382661938667297 -0.09877920150756836
-0.961837887763977 -0.16924959421157837 0.19475150108337402
# level 17 33
0.6854838728904724 0.5868309140205383 -0.42254170775413513
0.8170639276504517 0.19269059598445892 -0.5373045802116394
-0.8031473159790039 0.5846989154815674 -0.06918898224830627
0.7429168224334717 0.3971255123615265 -0.5331339240074158
0.6079623103141785 0.726957380771637 -0.3081505000591278
0.5614262819290161 -0.6662518978118896 -0.4849781095981598
0.08412647992372513 -0.8965004086494446 -0.42918720841407776
-0.641295313835144 0.7577350735664368 -0.08749915659427643
0.5384001135826111 0.823583722114563 -0.16681960225105286
0.439402312040329 -0.7675185799598694 -0.4598233103752136
0.8416584730148315 -0.15801650285720825 -0.5135082006454468
0.8286731839179993 0.025974949821829796 -0.5544654130935669
-0.5347992777824402 0.8390824794769287 -0.06262288987636566
0.8252472877502441 -0.2552489936351776 -0.5009062886238098
-0.9608659148216248 0.2638798952102661 -0.030515339225530624
0.7751092910766602 -0.36972489953041077 -0.5070148706436157
-0.6072819828987122 -0.7886672019958496 -0.05691041052341461
-0.5043163895606995 -0.8370540738105774 -0.19528019428253174
-0.2838546931743622 0.9563618898391724 -0.021863289177417755
-0.98860102891922 -0.07353101670742035 0.11548739671707153
-0.924000084400177 0.36411499977111816 -0.0806698426604271
0.1589864045381546 -0.8585163950920105 -0.48221608996391296
0.33435800671577454 0.9380984902381897 0.05152805894613266
0.7567917704582214 0.293308287858963 -0.5777596831321716
-0.9900975823402405 0.0997096598148346 0.04229075089097023
0.683073878288269 0.48981261253356934 -0.5380983948707581
-0.7415959239006042 -0.6601775288581848 0.10564170032739639
-0.30418720841407776 -0.8923351168632507 -0.3226189911365509
-0.39483219385147095 -0.8734393119812012 -0.27344828844070435
0.64631187915802 -0.5405405163764954 -0.5324516296386719
-0.7519928216934204 0.6441500186920166 -0.13708870112895966
0.7065253257751465 -0.44939959049224854 -0.5407711863517761
-0.8674653172492981 -0.4592151939868927 0.1745775043964386
# level 18 33
0.6266040802001953 0.5817161202430725 -0.5129957795143127
0.8129674196243286 -0.07272142171859741 -0.5715606212615967
0.6747844815254211 0.4161902070045471 -0.6038544774055481
0.7834305763244629 -0.19563500583171844 -0.5849257707595825
0.5558078289031982 0.7259777784347534 -0.3971532881259918
0.7783762812614441 0.08201759308576584 -0.6206398010253906
-0.6821451187133789 0.7047327160835266 -0.1727115958929062
-0.8504071831703186 0.504523515701294 -0.14330430328845978
0.4911726117134094 -0.6652398109436035 -0.5568866729736328
-0.4408367872238159 0.8878058791160583 -0.10356289893388748
0.738170325756073 0.2018824964761734 -0.6406301259994507
0.5810360908508301 0.6614189743995667 -0.46718859672546387
-0.9506583213806152 0.27450329065322876 -0.1277049034833908
0.3922933042049408 0.9116495251655579 -0.09369072318077087
0.4488134980201721 0.8658909201622009 -0.20139150321483612
-0.9837350845336914 0.14846910536289215 -0.06051848828792572
-0.8063390851020813 -0.5764545798301697 0.10122519731521606
-0.34139949083328247 0.9312559962272644 -0.10120560228824615
0.6844143271446228 0.31261810660362244 -0.6536477208137512
0.31541210412979126 -0.7783963084220886 -0.5371825098991394
-0.9744774103164673 -0.1857627034187317 0.08900724351406097
-0.018111450597643852 -0.8706359267234802 -0.4883703887462616
-0.6862648129463196 -0.7196362018585205 -0.06170082092285156
-0.05637234076857567 0.9950389862060547 -0.01597125083208084
-0.6067836284637451 0.7667570114135742 -0.19653689861297607
-0.19417059421539307 -0.8837954998016357 -0.4171167016029358
0.6052857041358948 0.5118315815925598 -0.6039965748786926
-0.6294034123420715 -0.757128894329071 -0.16451600193977356
0.6725419759750366 -0.3880453109741211 -0.6252396106719971
0.7604326009750366 -0.017008140683174133 -0.6433817148208618
0.3987204134464264 -0.7145698070526123 -0.568894624710083
-0.5083400011062622 0.8424065113067627 -0.16279229521751404
0.2044391930103302 0.9755374193191528 -0.012564759701490402
# level 19 30
0.7456172108650208 -0.11851110309362411 -0.6513020992279053
0.7268435955047607 -0.2741365134716034 -0.6246349811553955
0.5245140194892883 0.6344860792160034 -0.5612825155258179
0.47002729773521423 0.8205916285514832 -0.31618550419807434
0.30595579743385315 0.9471089839935303 -0.049552299082279205
0.47206029295921326 0.7681589126586914 -0.426897794008255
0.5736625790596008 0.44669631123542786 -0.683915913105011
0.6538537740707397 0.23020720481872559 -0.7170143723487854
-0.7993630170822144 0.5553913712501526 -0.2110888957977295
-0.41012638807296753 0.8851395845413208 -0.20525750517845154
0.608534574508667 0.34132859110832214 -0.7121065855026245
0.6998140215873718 0.051956240087747574 -0.7071369290351868
0.10557849705219269 0.9913051128387451 -0.007929415442049503
-0.8939862847328186 0.3956238925457001 -0.19519290328025818
-0.19373910129070282 0.974800705909729 -0.08247016370296478
-0.9931008815765381 -0.08065096288919449 0.011355330236256123
-0.6332240104675293 0.717218816280365 -0.2812790870666504
-0.5269529819488525 0.8055837750434875 -0.26078858971595764
0.32496359944343567 0.9215837121009827 -0.1914626955986023
0.41470539569854736 -0.640569806098938 -0.642737090587616
-0.9958071708679199 0.028260480612516403 -0.04808608815073967
0.5273988246917725 -0.5481920838356018 -0.6450396180152893
-0.7536526918411255 -0.64946448802948 -0.04214717820286751
-0.9152898788452148 -0.3739683926105499 0.1385475993156433
0.01663123071193695 -0.8190516829490662 -0.5685319900512695
0.02762662060558796 0.9931122064590454 -0.07906520366668701
-0.09560293704271317 -0.8331869840621948 -0.5381228923797607
0.38315069675445557 0.8664551973342896 -0.30717191100120544
-0.9496309757232666 -0.28862470388412476 0.08870544284582138
0.6828389763832092 -0.2153095006942749 -0.693139910697937
# level 20 32
0.23804280161857605 0.958771288394928 -0.14691850543022156
0.45344409346580505 0.7017412185668945 -0.5430930852890015
0.6320295929908752 0.140025794506073 -0.7579267024993896
0.4969378113746643 0.5134947896003723 -0.6978222131729126
0.3833372890949249 0.813268780708313 -0.4314793050289154
-0.09990551322698593 0.9855886101722717 -0.12152159959077835
0.1386767029762268 0.9787613153457642 -0.12375109642744064
0.5530484914779663 0.291228711605072 -0.7766749858856201
0.5147225260734558 0.3947528898715973 -0.7589340806007385
-0.22135479748249054 0.9534456133842468 -0.18626819550991058
0.6295539140701294 -0.13802570104599 -0.7602329850196838
0.25931739807128906 0.9211555123329163 -0.2815338969230652
-0.7498908042907715 0.5856258869171143 -0.29845330119132996
-0.35537829995155334 0.8821308016777039 -0.30023691058158875
0.6111242175102234 -0.27793028950691223 -0.7380377054214478
0.14009739458560944 -0.7819659113883972 -0.6031165719032288
0.6224334836006165 -0.039649199694395065 -0.7772135138511658
0.5560684204101562 -0.4591619074344635 -0.6890947222709656
-0.8314626216888428 0.4694230854511261 -0.28594958782196045
0.3083434998989105 -0.6820951104164124 -0.6589360237121582
-0.9788718819618225 -0.19034980237483978 -0.020018989220261574
-0.8847811818122864 -0.4523465931415558 0.07356248795986176
0.04290410876274109 0.9790884852409363 -0.18644529581069946
-0.9359496831893921 0.2496452033519745 -0.23662559688091278
-0.19633419811725616 -0.8294258713722229 -0.5165104269981384
-0.8142623901367188 -0.5790510773658752 -0.0018840780248865485
-0.6653279066085815 0.6480873227119446 -0.36112961173057556
0.4154480993747711 0.6352099180221558 -0.6475554704666138
-0.974470317363739 0.11736469715833664 -0.1765117049217224
-0.5552533864974976 -0.7685685753822327 -0.30745500326156616
0.35640349984169006 0.7667081952095032 -0.5297331213951111
-0.40902969241142273 -0.8192574977874756 -0.39280039072036743
# level 21 31
0.1528259962797165 0.9541923999786377 -0.24854880571365356
0.28745660185813904 0.855436384677887 -0.42163240909576416
-0.014899450354278088 0.9611629843711853 -0.27074751257896423
-0.12942719459533691 0.9508839845657349 -0.2716270983219147
0.4674268960952759 0.3147765100002289 -0.8225349187850952
0.5204356908798218 0.18975019454956055 -0.8278896808624268
-0.2253286987543106 0.9225766062736511 -0.3048988878726959
0.1801106035709381 0.9040911197662354 -0.38130199909210205
0.38621750473976135 0.5501080751419067 -0.7365251183509827
0.5646119713783264 -0.365081787109375 -0.7357470989227295
-0.5800312161445618 0.7111656069755554 -0.3945884108543396
0.09091532230377197 0.9380230903625488 -0.3247208893299103
0.5580872893333435 -0.2168906033039093 -0.7989442944526672
0.3162713050842285 0.6964253187179565 -0.6423227190971375
-0.7772740125656128 0.5060619115829468 -0.3652505874633789
-0.3892576992511749 0.8328492045402527 -0.3850972056388855
-0.3090727925300598 -0.8325468897819519 -0.45539090037345886
-0.9247351288795471 -0.36942198872566223 0.03671316057443619
0.3551810085773468 -0.6019740104675293 -0.7132760882377625
0.20039750635623932 -0.7209532260894775 -0.6577163934707642
-0.48759129643440247 0.7690207958221436 -0.4072374105453491
-0.9894446134567261 -0.05116530880331993 -0.1195169985294342
-0.6346508264541626 -0.7172110080718994 -0.27854809165000916
-0.2905828058719635 0.8736011981964111 -0.3812400996685028
0.38461679220199585 0.46247389912605286 -0.7972583174705505
-0.7566922903060913 -0.6346439719200134 -0.14793209731578827
0.2479396015405655 0.7596234083175659 -0.5941830277442932
-0.4950787127017975 -0.7712848782539368 -0.3942570984363556
0.5230646133422852 0.023031070828437805 -0.8470606803894043
-0.8872150182723999 0.32029640674591064 -0.3219527006149292
0.006425243802368641 -0.7531471848487854 -0.6532636880874634
# level 22 31
-0.013292170129716396 0.923027515411377 -0.37697848677635193
0.07375384867191315 0.9033058881759644 -0.4181210994720459
-0.11461549997329712 0.9191104769706726 -0.3710080087184906
0.38639119267463684 0.37299609184265137 -0.8387575745582581
-0.857872486114502 -0.5026705265045166 -0.058130331337451935
0.2801288068294525 0.6262791156768799 -0.7225177884101868
-0.7127776145935059 0.5538185238838196 -0.4220786988735199
-0.20749659836292267 0.8725619912147522 -0.43427160382270813
-0.8339418172836304 0.405097097158432 -0.36538970470428467
-0.6221346855163574 0.6319971084594727 -0.4542880952358246
-0.7078620195388794 -0.6546689867973328 -0.25077998638153076
-0.9525625109672546 -0.2893108129501343 -0.05605616047978401
0.16360120475292206 0.8150128722190857 -0.5502365231513977
0.4646785855293274 0.10914819687604904 -0.8747643232345581
0.5213857293128967 -0.09036091715097427 -0.8445749878883362
0.29818278551101685 0.5352299213409424 -0.7860363721847534
-0.4305194914340973 -0.7656410932540894 -0.4723418951034546
0.4492877125740051 -0.4929299056529999 -0.74184650182724
-0.42210158705711365 0.7623782157897949 -0.4865711033344269
0.09633920341730118 -0.7103028297424316 -0.6927651166915894
-0.9725080728530884 -0.17748549580574036 -0.12765750288963318
-0.2861030101776123 -0.7801409959793091 -0.5521426200866699
-0.9740967154502869 0.02454672008752823 -0.2150947004556656
0.40775829553604126 0.20806169509887695 -0.8853569030761719
-0.9068086743354797 -0.4056462049484253 -0.08045335859060287
-0.9289541244506836 0.18150660395622253 -0.3118796944618225
-0.08546195179224014 0.8804538249969482 -0.4590212106704712
0.15297579765319824 0.7492992877960205 -0.642444372177124
0.20095640420913696 0.6809033751487732 -0.700049877166748
0.014737489633262157 0.8669083714485168 -0.49462419748306274
0.22724010050296783 -0.6136406064033508 -0.7524206042289734
# level 23 30
-0.06449384242296219 0.8263829946517944 -0.5535488724708557
0.05502226948738098 0.7948889136314392 -0.600027322769165
-0.19530260562896729 0.8215094208717346 -0.5292173027992249
-0.8434774875640869 -0.5084354281425476 -0.1620997041463852
-0.7822495102882385 -0.5723376870155334 -0.23142799735069275
-0.5284988284111023 0.6768361926078796 -0.5086268186569214
-0.9690200090408325 -0.08718106895685196 -0.21465210616588593
0.29213860630989075 0.4054136872291565 -0.8628783822059631
-0.9013155102729797 -0.3823694884777069 -0.18846699595451355
-0.6481112837791443 -0.6593133211135864 -0.3719753921031952
-0.9491490125656128 0.08698379993438721 -0.29221901297569275
0.07532154768705368 0.7082036137580872 -0.6984694004058838
-0.9354928731918335 -0.2822057902812958 -0.19654950499534607
-0.7094181776046753 0.49269071221351624 -0.49974220991134644
-0.6229391098022461 0.5703970193862915 -0.530667781829834
0.1224903017282486 0.6405540108680725 -0.7522537708282471
0.3115155100822449 0.2941681146621704 -0.9006174802780151
-0.7877407073974609 0.3988583981990814 -0.46213188767433167
-0.5684509873390198 -0.6895707249641418 -0.44200700521469116
0.4334098994731903 0.004829477984458208 -0.8998876810073853
0.35821589827537537 -0.4919334948062897 -0.789009690284729
-0.3754824101924896 -0.7360090017318726 -0.5592964887619019
-0.29481419920921326 0.7742636799812317 -0.5550680160522461
-0.1667395979166031 -0.741475522518158 -0.6444379091262817
-0.8698623776435852 0.26863229274749756 -0.40527451038360596
0.1266068071126938 -0.6298077702522278 -0.7605559229850769
0.21289010345935822 0.4904085099697113 -0.8413600921630859
0.42396920919418335 -0.4046629071235657 -0.8062971830368042
-0.06828662753105164 -0.7078185081481934 -0.7007393836975098
0.45075538754463196 -0.28221678733825684 -0.8436880111694336
# level 24 30
-0.11090660095214844 0.7603688836097717 -0.636045515537262
-0.4705202877521515 -0.6971033811569214 -0.5358067750930786
-0.7162641286849976 -0.587932825088501 -0.3683739900588989
-0.2813428044319153 -0.7147223949432373 -0.6349595189094543
0.26482948660850525 -0.5326473116874695 -0.8009763956069946
-0.38514789938926697 0.7126160264015198 -0.5837153196334839
-0.5302550196647644 0.610350489616394 -0.5830544829368591
-0.2141817957162857 0.7428293824195862 -0.6291133165359497
-0.8564311265945435 -0.42475488781929016 -0.2896316945552826
-0.0010712479706853628 -0.6528978943824768 -0.753135085105896
-0.909103512763977 -0.2852345108985901 -0.2948088049888611
-0.7287446856498718 0.3996182084083557 -0.5509381294250488
-0.026381319388747215 0.6665531992912292 -0.7401654720306396
0.3447202146053314 0.13923729956150055 -0.9248291850090027
-0.6136553287506104 -0.6156567931175232 -0.48964178562164307
-0.6441625952720642 0.4726158082485199 -0.5943518280982971
0.36800190806388855 -0.3382937014102936 -0.8624361753463745
0.10247070342302322 0.5195320248603821 -0.8445696234703064
-0.9302541017532349 -0.18557560443878174 -0.3059222102165222
0.42452630400657654 -0.13353480398654938 -0.893295407295227
-0.9231526255607605 -0.00944550335407257 -0.37491440773010254
-0.8751739859580994 0.16422849893569946 -0.44955191016197205
-0.22449280321598053 -0.6650527119636536 -0.7086430788040161
-0.11057469993829727 -0.6330537796020508 -0.76149982213974
0.15490899980068207 -0.5283287167549133 -0.8300281763076782
-0.7921804785728455 -0.4755134880542755 -0.3761843144893646
-0.30264100432395935 0.6902313828468323 -0.6515982151031494
-0.4452129006385803 0.6300727725028992 -0.6322141885757446
-0.7719976902008057 0.31092891097068787 -0.5478898882865906
-0.38865208625793457 -0.6496493816375732 -0.6476312875747681
# level 25 30
-0.5207381844520569 -0.6185058951377869 -0.5833864808082581
-0.5359926223754883 0.5260459184646606 -0.6561731100082397
-0.665425717830658 -0.5354530215263367 -0.5153095722198486
-0.7392114996910095 -0.4861730933189392 -0.4590441882610321
-0.36875128746032715 0.6050611734390259 -0.7025842070579529
-0.9161499738693237 -0.1105939969420433 -0.37738218903541565
-0.3280682861804962 -0.6051651835441589 -0.7229077816009521
-0.26196399331092834 0.6350411176681519 -0.7217227816581726
0.28207889199256897 -0.40480488538742065 -0.8669908046722412
-0.8624458909034729 -0.30959540605545044 -0.39469000697135925
-0.009041721932590008 0.5918149948120117 -0.8026182055473328
-0.15620949864387512 0.6465436816215515 -0.7425487041473389
-0.892573893070221 0.060801129788160324 -0.4394826889038086
-0.2163386046886444 -0.5889393091201782 -0.7765039801597595
0.05179353058338165 -0.5325222015380859 -0.8410171270370483
-0.671596109867096 0.3541145920753479 -0.6471768021583557
0.11747709661722183 0.4343912899494171 -0.8911492228507996
0.37205350399017334 -0.2170252948999405 -0.8993654251098633
-0.4676611125469208 -0.567065417766571 -0.6738544702529907
-0.8839895725250244 -0.20934990048408508 -0.4115099012851715
-0.45074430108070374 0.5399898290634155 -0.7089298963546753
-0.8031321167945862 0.20613700151443481 -0.552783191204071
-0.7947093844413757 -0.3951731026172638 -0.4528545141220093
-0.5759577751159668 0.43244218826293945 -0.6883646249771118
0.3323242962360382 -0.011227239854633808 -0.9394950866699219
-0.09549832344055176 -0.5295143127441406 -0.838172972202301
-0.8838034272193909 -0.046434078365564346 -0.46063628792762756
0.17417390644550323 0.30385729670524597 -0.9357256293296814
-0.8389474153518677 0.10439710319042206 -0.5278980135917664
0.29109159111976624 -0.2729704976081848 -0.9136192798614502
# level 26 30
-0.2844349145889282 0.5529090166091919 -0.7796977758407593
-0.7020605206489563 -0.44785720109939575 -0.5477920174598694
-0.8451076149940491 -0.17313970625400543 -0.5003219842910767
-0.3906360864639282 0.493545800447464 -0.7717372179031372
-0.11709900200366974 0.5643619894981384 -0.8129140138626099
-0.4016188979148865 -0.5258076190948486 -0.7461072206497192
-0.30848950147628784 -0.5247160196304321 -0.7927473187446594
-0.6045405864715576 0.3323485851287842 -0.7186747789382935
-0.8085938096046448 -0.27275100350379944 -0.5181120038032532
0.1644829958677292 -0.3731585144996643 -0.9099385142326355
-0.8240839242935181 -0.07420387119054794 -0.5552781820297241
-0.7124552726745605 0.22942200303077698 -0.6581408977508545
-0.5178716778755188 0.3832944929599762 -0.7605381011962891
-0.761060893535614 0.1482837051153183 -0.6270366907119751
0.07558563351631165 -0.4291175901889801 -0.8964061737060547
-0.5856842994689941 -0.47320911288261414 -0.6528255939483643
0.266389399766922 -0.1540171056985855 -0.9484348297119141
-0.01966411992907524 -0.45454078912734985 -0.8890748023986816
-0.7352762222290039 -0.34989428520202637 -0.5743808150291443
-0.21125119924545288 -0.49088549613952637 -0.8413364887237549
-0.06231236830353737 0.487678587436676 -0.867074191570282
0.0019166850252076983 0.42167261242866516 -0.9041674137115479
0.17534589767456055 -0.2696306109428406 -0.9447243213653564
0.22941720485687256 -0.015843050554394722 -0.9718329906463623
0.17905479669570923 0.18998759984970093 -0.9620875120162964
-0.662375271320343 -0.39503639936447144 -0.6348549723625183
0.20083869993686676 0.09231796860694885 -0.9716247916221619
-0.639234721660614 0.22859619557857513 -0.7310299277305603
0.03886742889881134 0.31811681389808655 -0.9452506899833679
-0.43125951290130615 0.38554251194000244 -0.8130574226379395
# level 27 30
-0.7235351204872131 -0.26973891258239746 -0.6331571936607361
-0.6944847106933594 0.13891500234603882 -0.70524001121521
-0.5343307256698608 0.27872830629348755 -0.7943574786186218
-0.5610337257385254 -0.40533629059791565 -0.7196332216262817
-0.7562981247901917 -0.16748030483722687 -0.6271048188209534
-0.7608606219291687 -0.04350847005844116 -0.6425457000732422
-0.14944539964199066 0.43679261207580566 -0.8839973211288452
-0.7220184803009033 0.046181339770555496 -0.6868332028388977
0.15523500740528107 -0.17267830669879913 -0.9691863059997559
-0.4691041111946106 -0.42009589076042175 -0.7714493274688721
0.05319320037961006 -0.3126559853553772 -0.9454991221427917
-0.2610695958137512 0.41756919026374817 -0.8672987818717957
-0.04281153157353401 -0.35498711466789246 -0.9303317070007324
-0.38130131363868713 -0.41624629497528076 -0.8224064707756042
-0.07919277250766754 0.3597579896450043 -0.9263923764228821
-0.2580798864364624 -0.4027458131313324 -0.8763936161994934
-0.6480516195297241 -0.2645632028579712 -0.7127423882484436
0.0973675474524498 0.1173190027475357 -0.9862002730369568
-0.14580629765987396 -0.3782157897949219 -0.9124513864517212
-0.3414357006549835 0.3374258875846863 -0.8725312948226929
0.10927219688892365 0.014484959654510021 -0.9906389117240906
-0.4279218018054962 0.26532959938049316 -0.8601192235946655
0.020461270585656166 0.19994090497493744 -0.9766188263893127
0.043204400688409805 -0.183057501912117 -0.9797446131706238
-0.5528733730316162 0.13567529618740082 -0.8188557028770447
-0.6420753002166748 0.045078229159116745 -0.7615522146224976
-0.06415815651416779 0.2552199065685272 -0.9631890058517456
-0.6799147725105286 -0.06070159003138542 -0.725947916507721
-0.529377818107605 -0.2960726022720337 -0.7909594178199768
-0.12118449807167053 -0.2886573076248169 -0.9466080069541931
# level 28 25
-0.6254270076751709 -0.13800640404224396 -0.7647976279258728
-0.24138790369033813 -0.30489641427993774 -0.9187781810760498
-0.24803219735622406 0.3162164092063904 -0.9127944111824036
-0.4522182047367096 0.17049629986286163 -0.8722946047782898
0.0320606492459774 -0.08208426833152771 -0.9924634099006653
0.012459469959139824 0.05039926990866661 -0.9955639243125916
-0.5366547107696533 -0.19353759288787842 -0.8167238831520081
-0.39488980174064636 -0.28962329030036926 -0.8678900003433228
-0.10370460152626038 -0.17838530242443085 -0.974786102771759
-0.31525918841362 0.21179039776325226 -0.9211972951889038
-0.48587989807128906 0.048699721693992615 -0.8688926100730896
-0.5376117825508118 -0.050339698791503906 -0.8378329873085022
-0.21811729669570923 0.21631570160388947 -0.948797881603241
-0.09170684218406677 0.10704830288887024 -0.9868420958518982
-0.06634949892759323 -0.06710752099752426 -0.9920223951339722
-0.2920297086238861 -0.22097459435462952 -0.9264956116676331
-0.3864642083644867 0.1083689033985138 -0.9122570157051086
-0.20793679356575012 -0.1602828949689865 -0.9621357917785645
-0.3929688036441803 -0.17810629308223724 -0.8982155919075012
-0.43972909450531006 -0.03477906063199043 -0.8939561247825623
-0.1335574984550476 0.011942479759454727 -0.9899504780769348
-0.21609750390052795 0.07665195316076279 -0.970058023929596
-0.30757078528404236 -0.11728499829769135 -0.9426292777061462
-0.33052340149879456 -0.0007996652275323868 -0.9412559270858765
-0.23743680119514465 -0.0331512913107872 -0.9677891135215759
