-0.520823768	-0.201521707	0.351044171
-0.505472669	-0.169283219	0.232387029
-0.497162061	-0.147241188	0.129097766
-0.489544004	-0.127035993	0.034415942
-0.542208319	-0.181159984	0.344613648
-0.528934871	-0.154432003	0.251778822
-0.510121018	-0.113009334	0.090084488
-0.501810411	-0.090967303	-0.013204775
-0.289345403	0.470027064	0.481325399
-0.249048165	0.43799683	0.471054542
-0.184771809	0.400111022	0.408040486
-0.129420612	0.373280637	0.333311813
-0.123291812	0.389535909	0.257139381
-0.130550752	0.422374316	0.163395023
-0.154772564	0.462313614	0.096512658
-0.226684574	0.549402387	0.009143424
-0.304165713	0.440727874	0.493914098
-0.247416336	0.400242142	0.46312895
-0.184161446	0.359647122	0.4128103
-0.134805029	0.33428063	0.351267427
-0.127654763	0.353245115	0.262399589
-0.159269534	0.408303653	0.164759499
-0.1780073	0.445424451	0.091039037
-0.259865936	0.540859435	0.004650593
-0.31248051	0.411319398	0.486969295
-0.270651072	0.38335298	0.45765533
-0.213390961	0.344221854	0.42052248
-0.176024103	0.321783148	0.385351206
-0.153953898	0.328228317	0.295012185
-0.165164684	0.367949041	0.189062816
-0.19435981	0.412061443	0.122670845
-0.25887886	0.484030976	0.066059337
-0.299042077	0.533780377	0.013343561
-0.397246826	0.423315913	0.506100172
-0.269529975	0.344243687	0.456077442
-0.213668045	0.318767908	0.375001066
-0.1782101	0.308629944	0.30223397
-0.164554321	0.327485141	0.19383263
-0.217594545	0.395172282	0.117197225
-0.287597642	0.469960314	0.067423814
-0.343702265	0.529519818	0.028874626
-0.356530334	0.366594939	0.507270175
-0.308195384	0.338519235	0.458422707
-0.238945714	0.296460322	0.394918257
-0.198514456	0.282149253	0.321660767
-0.187412343	0.29423142	0.244997941
-0.216096735	0.339698429	0.172258267
-0.251797374	0.383920119	0.125399799
-0.317848624	0.451825834	0.087831399
-0.379437293	0.514203837	0.056120308
-0.390222429	0.356697381	0.509125046
-0.33296232	0.317566255	0.471992195
-0.284116636	0.290845157	0.416797025
-0.243174644	0.277888693	0.337191832
-0.235513645	0.298207784	0.241976292
-0.254251411	0.335328583	0.16825583
-0.308313102	0.400306511	0.10431583
-0.39221467	0.49032307	0.043318197
-0.412435698	0.342517432	0.49095602
-0.330309023	0.28252078	0.451371198
-0.286436652	0.259972787	0.396666422
-0.2588824	0.263599457	0.299489304
-0.256194714	0.288091653	0.204764158
-0.304772358	0.350251083	0.133986061
-0.356414403	0.404282876	0.101294182
-0.420933452	0.476252408	0.044682673
-0.432229321	0.317391347	0.504035114
-0.348570446	0.261458513	0.445407184
-0.298703295	0.237446627	0.377516608
-0.27663309	0.243891797	0.287177587
-0.293327922	0.286431019	0.188066315
-0.327496361	0.334716527	0.122164738
-0.40247277	0.413677664	0.072881722
-0.449141501	0.463536352	0.039699448
-0.452533677	0.290910656	0.52346191
-0.369896269	0.23226861	0.477529386
-0.327932811	0.222021358	0.385228787
-0.308792986	0.238058057	0.269989349
-0.317584125	0.266832645	0.1952881
-0.384522822	0.349748314	0.107428472
-0.440116712	0.410662423	0.062531581
-0.467645617	0.47655781	-0.08589013
-0.457407361	0.253265255	0.535069821
-0.398104318	0.219552554	0.47254616
-0.350656813	0.206486803	0.373407465
-0.319150715	0.203231156	0.288435357
-0.315952296	0.229077958	0.187362509
-0.340684841	0.267662649	0.126827847
-0.377406946	0.309175127	0.092664784
-0.451872622	0.38949087	0.037034064
-0.478137367	0.424011743	-0.00445749
-0.474428214	0.451213151	-0.111878041
-0.456820588	0.463186032	-0.208074371
-0.478599163	0.241794518	0.50420539
-0.394940288	0.185861685	0.44557746
-0.334105044	0.1562128	0.36401069
-0.311013372	0.165367182	0.260976264
-0.338676298	0.213543403	0.175541186
-0.372844736	0.261828911	0.109639609
-0.437363786	0.333798443	0.053028101
-0.48747363	0.391894054	0.001293113
-0.49026999	0.41920475	-0.086593937
-0.474571278	0.443478371	-0.220386088
-0.482962114	0.205503725	0.509465599
-0.420083937	0.181273265	0.402508018
-0.374168633	0.164143696	0.322412431
-0.354518074	0.181535001	0.200825291
-0.378229153	0.222828904	0.127595223
-0.418392371	0.272578305	0.074879447
-0.459953768	0.335983053	-0.021779855
-0.478691534	0.373103852	-0.095500317
-0.472052001	0.39071373	-0.178020452
-0.464391002	0.411032821	-0.273235993
-0.526600835	0.203952377	0.512301258
-0.448936739	0.149483436	0.466859128
-0.403021435	0.132353867	0.386763541
-0.37202607	0.127743614	0.308139136
-0.378774277	0.161936626	0.208047076
-0.407458669	0.207403635	0.135307403
-0.44213784	0.254334537	0.075753529
-0.50512469	0.330367888	9.89128E-05
-0.508942516	0.354969371	-0.075092732
-0.496818937	0.36976075	-0.164450964
-0.458296593	0.367750422	-0.275304276
-0.527899385	0.175789219	0.47947525
-0.454697869	0.126847989	0.428175811
-0.408782565	0.109718421	0.348080224
-0.396148253	0.125864406	0.252374289
-0.410800152	0.173822053	0.127872206
-0.470345889	0.241618481	0.070770303
-0.4960999	0.27749396	0.022931047
-0.509730333	0.328160819	-0.114266443
-0.502580067	0.347125304	-0.20313428
-0.482418775	0.365871214	-0.331069124
-0.528821222	0.131261502	0.503288172
-0.468496712	0.100258012	0.428069105
-0.431506567	0.094183865	0.336258901
-0.409302342	0.1183482	0.182933248
-0.441427847	0.172052133	0.09164086
-0.495489538	0.237030061	0.027700861
-0.537050935	0.300434809	-0.068958441
-0.537804362	0.333163928	-0.182236301
-0.493287238	0.329689707	-0.306275413
-0.461270407	0.327788667	-0.397595223
-0.537646752	0.100498419	0.502691072
-0.475279309	0.074913353	0.402081194
-0.428342538	0.060492996	0.309290202
-0.415197492	0.077993588	0.207236563
-0.430360125	0.124596629	0.089082183
-0.45802305	0.17277285	0.003647104
-0.476760816	0.209893649	-0.070073358
-0.46947653	0.246577299	-0.221927829
-0.462836997	0.264187178	-0.304447964
-0.47367107	0.287543342	-0.353758404
-0.540988236	0.066916836	0.495255875
-0.499024778	0.056669585	0.402955277
-0.459480967	0.057368469	0.279406559
-0.446335921	0.07486906	0.177352921
-0.442116035	0.103425075	0.063584666
-0.467225294	0.158374326	-0.053588927
-0.471419834	0.199340368	-0.185419501
-0.4824966	0.256780258	-0.354355504
-0.49421812	0.295146376	-0.453957171
-0.552744146	0.045745283	0.469758358
-0.488844502	0.024224035	0.350105372
-0.468172477	0.044324552	0.215822825
-0.46548479	0.068816748	0.121097679
-0.485620736	0.119592894	0.003433692
-0.491347476	0.156495118	-0.109353775
-0.495542016	0.197461161	-0.241184349
-0.509172449	0.24812802	-0.378381838
-0.53632464	0.297658846	-0.47016462
-0.585414774	0.038556938	0.458917824
-0.519606217	0.004734948	0.37686066
-0.485546453	0.008252332	0.260150039
-0.46691736	0.022934424	0.151258304
-0.476085214	0.068073572	0.019918124
-0.501705206	0.121668217	-0.090907766
-0.508830126	0.172225789	-0.247638757
-0.511115752	0.20089109	-0.34187351
-0.544128703	0.269604976	-0.483457125
-0.588756258	0.004975355	0.451482626
-0.526012101	-0.036974271	0.407511679
-0.499990049	-0.037411419	0.329377669
-0.482382424	-0.025438538	0.233181339
-0.474721424	-0.005119448	0.137965799
-0.472410451	0.035737308	-0.013398279
-0.486174904	0.068685002	-0.087609135
-0.507332316	0.116751935	-0.192577716
-0.524537882	0.157936552	-0.285341286
-0.531796822	0.190774958	-0.379085644
-0.573358219	0.254179707	-0.475744946
-0.591587008	-0.027251621	0.437699727
-0.532283964	-0.060964323	0.375176065
-0.49083124	-0.072566181	0.289223169
-0.473600328	-0.044228741	0.13638791
-0.483278914	-0.000444199	0.011395432
-0.495000434	0.037921919	-0.088206235
-0.515136379	0.088698065	-0.205870221
-0.532341945	0.129882681	-0.298633791
-0.581296303	0.208406671	-0.426050818
-0.595439225	-0.062187809	0.436612232
-0.534603981	-0.091836693	0.355045462
-0.506538996	-0.086855417	0.251520641
-0.495813597	-0.05840869	0.118218884
-0.50498145	-0.013269542	-0.013121297
-0.524606662	0.03886121	-0.137132986
-0.536838915	0.075872721	-0.23038695
-0.560926708	0.133531185	-0.360255948
-0.605929218	0.205172856	-0.475467963
-0.605796954	-0.09701471	0.45505824
-0.533993618	-0.132300593	0.359815277
-0.518939659	-0.127100742	0.29535746
-0.513187573	-0.09448091	0.162546097
-0.522355426	-0.049341762	0.031205917
-0.528082166	-0.012439538	-0.08158155
-0.551659225	0.046573532	-0.21779825
-0.587736576	0.107159781	-0.321295649
-0.623813927	0.16774603	-0.424793047
-0.661423479	0.224268461	-0.509247338
-0.57916454	-0.137915758	0.381694044
-0.524541423	-0.062494967	-0.051911319
-0.558575842	0.003509707	-0.180799529
-0.579222521	0.052931246	-0.292115812
-0.60586398	0.10381668	-0.390246296
-0.64640391	0.16993064	-0.499601004
-0.536456699	-0.170907743	0.231176627
-0.552506778	-0.109294749	0.062731019
-0.564228298	-0.070928631	-0.036870648
-0.581944597	-0.031098621	-0.123286516
-0.598128697	0.012795208	-0.22874549
-0.624259422	0.065035247	-0.333223677
-0.664288619	0.132503814	-0.448926087
-0.546437715	-0.222099204	0.306261565
-0.554073368	-0.172896238	0.155878276
-0.558778642	-0.133284802	0.030395405
-0.570500161	-0.094918684	-0.069206262
-0.599561266	-0.033087115	-0.198584866
-0.633595685	0.032917558	-0.327473075
-0.669162303	0.094858414	-0.437318176
-0.563300958	-0.256816818	0.344241076
-0.512789054	-0.261754932	0.207016164
-0.500020721	-0.227889781	0.048323596
-0.534942586	-0.146875154	-0.130855841
-0.617177936	-0.03507561	-0.273883216
-0.669573407	0.051685303	-0.419852957
-0.705140024	0.113626157	-0.529698058
-0.546238456	-0.305736216	0.328496599
-0.53002901	-0.280107987	0.188356744
-0.518282144	-0.248952048	0.042359582
-0.564172102	-0.162300423	-0.123143662
-0.659795191	-0.033917746	-0.283742962
-0.709260282	0.043251638	-0.404812286
-0.733992827	0.081836329	-0.465346948
-0.601703518	-0.310989224	0.452764412
-0.60618328	-0.270844838	0.460970824
-0.60113648	-0.231899383	0.444241622
-0.595802583	-0.205425477	0.470677354
-0.555360933	-0.204027074	0.341909122
-0.638784979	-0.057484783	0.488611195
-0.631894149	-0.026881456	0.495696409
-0.648400444	-0.095314594	0.515389388
-0.642752982	-0.132361915	0.492670088
-0.599790973	-0.150744833	0.426043574
-0.366755039	0.486451751	0.524081974
-0.388806658	0.468569837	0.518491692
-0.325917002	0.384849573	0.485328767
-0.452339022	0.408646679	0.515860003
-0.481581803	0.398157827	0.506179558
-0.493041298	0.368670144	0.509143337
-0.512470421	0.344510812	0.517692211
-0.52733088	0.319235838	0.516192093
-0.549471403	0.262325182	0.512444392
